[
  {
    "glyph": "0337,0277,",
    "image": {
      "src": "https://i.imgur.com/d238wPU.jpg",
      "w": 1.7062314540059347,
      "angle": 0,
      "x": -0.06379821958456973,
      "y": -1.3204747774480712
    }
  },
  {
    "glyph": "0274,0322,0220,",
    "image": {
      "src": "uploadimages/image3.PNG",
      "w": 1.8338278931750742,
      "angle": 0,
      "x": -0.5059347181008902,
      "y": -0.4465875370919881
    }
  },
  {
    "glyph": "0265,",
    "image": {
      "src": "",
      "w": 1,
      "angle": 0,
      "x": 0,
      "y": 0
    }
  },
  {
    "glyph": "0211,0211,0331,0331,0331,0261,0330,0261,0330,0261,0330,0261,0330,0261,0330,0261,0330,",
    "image": {
      "src": "",
      "w": 1,
      "angle": 0,
      "x": 0,
      "y": 0
    }
  },
  {
    "glyph": "0211,0211,0211,0263,",
    "image": {
      "src": "",
      "w": 1,
      "angle": 0,
      "x": 0,
      "y": 0
    }
  },
  {
    "glyph": "0211,0211,0211,0262,",
    "image": {
      "src": "",
      "w": 1,
      "angle": 0,
      "x": 0,
      "y": 0
    }
  },
  {
    "glyph": "0336,0336,0330,0332,0331,0337,0337,0330,0333,0333,0332,0336,0332,0332,0332,01167,01167,01167,01056,0331,0331,0332,0332,0332,0332,0332,0332,01155,01141,01160,01154,01145,01154,01141,01167,01156,0331,0331,0332,0332,0332,0332,0332,0332,01056,01156,01145,01164,0300,0337,0211,0211,0330,0335,0335,0306,0335,0201,0334,0201,0334,0201,0334,0201,0334,0201,0334,0201,0335,0331,",
    "image": {
      "src": "",
      "w": 1,
      "angle": 0,
      "x": 0,
      "y": 0
    }
  },
  {
    "glyph": "0506,0506,0506,0506,0506,0506,0506,0506,0506,0506,0506,0506,0506,0506,0506,0506,0506,0506,0506,0506,0506,0500,0500,0500,0507,0500,0500,0500,0500,0507,0500,0500,0507,0500,0500,0507,0500,0507,0500,0500,0507,0500,0503,0504,0503,0504,0503,0504,0503,0503,0504,0503,0503,0503,0504,0503,0503,0503,0504,0503,0503,0503,0503,0503,0503,0503,0505,0503,0503,0503,0503,0505,0503,0503,0505,0503,0503,0505,0503,0505,0503,0505,0503,0505,0503,0505,0503,0505,0503,0501,0507,0501,0501,0507,0501,0501,0507,0501,0501,0501,0501,0501,0507,0501,0501,0501,0501,0501,0506,0501,0501,0501,0506,0501,0501,0506,0501,0501,0506,0501,0506,0501,0501,0506,0501,0506,0501,0502,0505,0502,0505,0502,0505,0502,0502,0505,0502,0502,0505,0502,0502,0502,0505,0502,0502,0502,0502,0502,0502,0502,0504,0502,0502,0502,0504,0502,0502,0502,0504,0502,0502,0504,0502,0504,0502,0504,0502,0504,0502,0504,0502,0504,0502,0500,0506,0500,0506,0500,0500,0506,0500,0500,0500,0500,0506,0500,0500,0500,0500,0507,0507,0507,0507,0500,0500,0507,0500,0500,0507,0500,0500,0507,0500,0503,0504,0503,0503,0503,0503,0505,0503,0503,0505,0503,0503,0505,0503,0505,0503,0501,0507,0501,0501,0501,0501,0506,0501,0506,0501,0501,0506,0501,0506,0501,0502,0502,0505,0502,0502,0502,0504,0502,0502,0504,0502,0504,0502,0506,0500,0506,0500,0500,0500,0507,0507,0507,0507,0507,0507,0507,0507,0507,0500,0500,0500,0507,0500,0503,0503,0505,0503,0501,0501,0506,0501,0502,0502,0507,0507,0507,0507,0507,0507,0507,0507,0507,0500,0500,0507,0500,0500,0507,0500,0500,0507,0500,0503,0503,0505,0504,0504,0503,0503,0503,0503,0505,0503,0505,0503,0503,0505,0503,0501,0507,0501,0501,0507,0501,0501,0501,0506,0501,0501,0506,0501,0506,0501,0502,0502,0505,0502,0502,0502,0502,0502,0502,0504,0502,0504,0502,0504,0502,0504,0502,0500,0500,0507,0503,0500,0503,0503,0503,0501,0501,0501,0502,0502,0502,0500,0505,0505,0505,0505,0505,0505,0505,0505,0505,0505,0505,0502,0502,0502,0502,0502,0502,0502,0502,0505,0502,0505,0503,0503,0503,0503,0503,0503,0503,0503,0504,0503,0504,0504,0504,0504,0504,0504,0504,0504,0504,0504,0504,0504,0504,0504,0504,0504,0504,0504,0504,0504,0504,0504,0504,0504,0504,0500,0507,0500,0503,0503,0503,0503,0505,0503,0503,0503,0505,0503,0505,0503,0504,0506,0502,0504,0506,0506,0506,0502,0502,0502,0502,0506,0506,0506,0506,0506,0506,0506,0506,0506,0502,0504,0502,0502,0502,0502,0502,0505,0502,0502,0505,0502,0502,0501,0504,0507,0503,0504,0507,0503,0503,0503,0503,0503,0505,0505,0505,0505,0505,0505,0505,0505,0505,0505,0505,0505,0505,0507,0507,0507,0507,0507,0507,",
    "image": {
      "src": "https://www.emojirequest.com/images/CrossEyedEmoji.jpg",
      "w": 0.7151335311572701,
      "angle": 0,
      "x": 0.1394658753709199,
      "y": 0.142433234421365
    }
  },
  {
    "glyph": "0331,0306,0257,0335,0257,0335,0335,0257,0335,0257,0335,0257,0335,0257,0335,0335,0257,0331,0334,0257,0335,0257,0336,0336,0336,0322,0336,0347,0335,0337,0337,0337,0337,0330,0326,0336,0336,0336,0336,0347,0337,0337,0337,0337,0335,0322,0330,0336,0336,0336,0336,0347,0335,0337,0337,0337,0330,0326,0330,0336,0336,0336,0347,0335,0337,0337,0337,0337,0330,0322,0336,0336,0336,0336,0347,0337,0337,0337,0337,0326,0333,0336,0336,0336,0336,0347,0337,0337,0337,0337,0331,0325,0336,0336,0336,0336,0347,0337,0337,0337,0337,0320,0332,0336,0336,0332,0332,0335,0335,0335,0362,0337,0203,0203,0203,0334,0203,0203,0203,0334,0203,0203,0203,0334,0203,0203,0203,0334,0203,0203,0203,0334,0203,0203,0203,0354,0335,0337,0331,0331,0336,0330,0335,0337,",
    "image": {
      "src": "",
      "w": 1,
      "angle": 0,
      "x": 0,
      "y": 0
    }
  },
  {
    "glyph": "0221,",
    "image": {
      "src": "",
      "w": 1,
      "angle": 0,
      "x": 0,
      "y": 0
    }
  },
  {
    "glyph": "0220,",
    "image": {
      "src": "",
      "w": 1,
      "angle": 0,
      "x": 0,
      "y": 0
    }
  },
  {
    "glyph": "0275,0322,0330,0330,0336,0336,0231,",
    "image": {
      "src": "https://i.imgur.com/5VaiyzU.jpg",
      "w": 1,
      "angle": 0,
      "x": 0.24480712166172106,
      "y": -1.0489614243323442
    }
  },
  {
    "glyph": "0504,0504,0506,0506,0506,0506,0506,0506,0504,0504,0504,0504,0506,0506,0506,01167,01167,01167,0505,0505,0505,0505,0505,0505,0505,0506,0506,0506,0506,0506,0506,0506,0506,0506,0506,0506,0506,0506,0506,0506,0506,0506,0506,0506,0506,0506,0506,0506,0506,0505,0505,0506,0506,0506,01056,01165,01163,01062,01071,0505,0505,0505,0505,0505,0505,0505,0505,0505,0506,0506,0506,0506,0506,0506,0506,0506,0506,0506,0506,0506,0506,0506,0506,0506,0506,0506,0506,0506,0506,0506,0506,0506,0506,0506,0506,0506,0506,0506,01056,01170,01171,01172,0504,0504,0504,0504,0504,0504,0504,0504,0504,0504,0504,0504,0506,0506,0506,0506,0506,0506,0506,0506,0506,0506,0506,0506,0507,0507,0507,0507,0507,0507,",
    "image": {
      "src": "",
      "w": 1,
      "angle": 0,
      "x": 0,
      "y": 0
    }
  },
  {
    "glyph": "0264,",
    "image": {
      "src": "",
      "w": 1,
      "angle": 0,
      "x": 0,
      "y": 0
    }
  },
  {
    "glyph": "0230,",
    "image": {
      "src": "",
      "w": 1,
      "angle": 0,
      "x": 0,
      "y": 0
    }
  },
  {
    "glyph": "0504,0504,0506,0506,0506,0506,0506,0506,0504,0504,0504,0504,0506,0506,0506,01167,01167,01167,0505,0505,0505,0505,0505,0505,0505,0506,0506,0506,0506,0506,0506,0506,0506,0506,0506,0506,0506,0506,0506,0506,0506,0506,0506,0506,0506,0506,0506,0506,0506,0505,0505,0506,0506,0506,01056,01155,01144,01062,01061,01066,0505,0505,0505,0505,0505,0505,0505,0505,0505,0506,0506,0506,0506,0506,0506,0506,0506,0506,0506,0506,0506,0506,0506,0506,0506,0506,0506,0506,0506,0506,0506,0506,0506,0506,0506,0506,0506,0506,0506,01056,01170,01171,01172,0504,0504,0504,0504,0504,0504,0504,0504,0504,0504,0504,0504,0506,0506,0506,0506,0506,0506,0506,0506,0506,0506,0506,0506,",
    "image": {
      "src": "",
      "w": 1,
      "angle": 0,
      "x": 0,
      "y": 0
    }
  },
  {
    "glyph": "0227,",
    "image": {
      "src": "",
      "w": 1,
      "angle": 0,
      "x": 0,
      "y": 0
    }
  },
  {
    "glyph": "0231,",
    "image": {
      "src": "",
      "w": 1,
      "angle": 0,
      "x": 0,
      "y": 0
    }
  },
  {
    "glyph": "0232,",
    "image": {
      "src": "",
      "w": 1,
      "angle": 0,
      "x": 0,
      "y": 0
    }
  },
  {
    "glyph": "0224,",
    "image": {
      "src": "",
      "w": 1,
      "angle": 0,
      "x": 0,
      "y": 0
    }
  },
  {
    "glyph": "0222,",
    "image": {
      "src": "",
      "w": 1,
      "angle": 0,
      "x": 0,
      "y": 0
    }
  },
  {
    "glyph": "0325,0506,0506,0506,0506,0506,0506,0506,0506,0506,0506,0506,0506,0506,0506,0506,0506,0506,0506,0502,0500,0500,0500,0500,0500,0500,0500,0500,0500,0507,0500,0500,0500,0500,0507,0500,0500,0507,0500,0500,0503,0503,0503,0503,0503,0503,0504,0503,0503,0503,0503,0503,0503,0504,0503,0503,0503,0503,0503,0503,0503,0503,0505,0503,0503,0503,0503,0505,0503,0503,0503,0503,0503,0503,0503,0503,0503,0507,0501,0501,0501,0501,0507,0501,0501,0501,0507,0501,0501,0501,0501,0501,0501,0501,0501,0501,0506,0501,0501,0501,0506,0501,0501,0501,0506,0501,0506,0501,0501,0506,0501,0506,0501,0506,0501,0506,0501,0502,0505,0502,0505,0502,0505,0502,0502,0505,0502,0502,0505,0502,0502,0505,0502,0502,0502,0502,0504,0502,0502,0504,0502,0502,0504,0502,0502,0504,0502,0502,0504,0502,0504,0502,0504,0502,0504,0502,0504,0502,0504,0502,0500,0506,0500,0506,0500,0500,0500,0506,0500,0500,0507,0507,0507,0507,0507,0507,0507,0500,0500,0500,0507,0500,0500,0500,0500,0500,0507,0500,0500,0500,0500,0502,0507,0503,0503,0503,0503,0503,0503,0503,0503,0505,0503,0505,0503,0501,0501,0501,0506,0501,0506,0501,0505,0503,0505,0501,0507,0501,0501,0506,0501,0501,0506,0501,0506,0501,0502,0505,0502,0502,0502,0502,0502,0502,0502,0502,0502,0502,0507,0500,0507,0500,0500,0500,0500,0507,0507,0507,0501,0501,0503,0503,0503,0503,0504,0503,0500,0500,0500,0506,0500,0502,0502,0502,0501,0501,0506,0501,0504,0504,0504,0504,0507,0507,0504,0500,0500,0500,0500,0500,0503,0503,0503,0505,0503,0501,0501,0506,0501,0502,0502,0507,0507,0507,0507,0507,0507,0507,0507,0503,0507,0500,0500,0500,0500,0500,0500,0502,0507,0503,0503,0503,0503,0503,0503,0503,0503,0503,0505,0503,0501,0501,0507,0501,0501,0501,0506,0501,0506,0501,0506,0501,0502,0505,0502,0502,0502,0502,0502,0501,0501,0501,0501,0501,0506,0501,0507,0501,0502,0502,0502,0502,0502,0507,0500,0500,0500,0500,0507,0500,0500,0500,0500,0500,0500,0507,0507,0507,0503,0503,0503,0503,0504,0503,0500,0500,0500,0506,0500,0502,0502,0502,0501,0501,0501,0501,0506,0506,0506,0506,0506,0506,0506,0506,0505,0505,0505,0505,0505,",
    "image": {
      "src": "",
      "w": 1,
      "angle": 0,
      "x": 0,
      "y": 0
    }
  },
  {
    "glyph": "0322,0505,0505,0505,0505,0505,0505,0505,0505,0505,0505,0505,0505,0505,0505,0505,0505,0505,0505,0505,0505,0502,0502,0502,0502,0502,0502,0502,0502,0502,0502,0502,0502,0502,0502,0502,0502,0502,0502,0504,0502,0504,0502,0500,0500,0500,0500,0500,0500,0500,0500,0500,0500,0500,0500,0500,0500,0500,0500,0500,0500,0500,0500,0500,0500,0500,0500,0500,0500,0500,0500,0500,0500,0500,0500,0500,0500,0500,0500,0507,0500,0507,0500,0503,0503,0503,0503,0503,0503,0503,0503,0503,0503,0503,0503,0503,0503,0503,0503,0503,0503,0503,0503,0503,0503,0503,0503,0503,0503,0503,0503,0503,0503,0503,0503,0503,0503,0503,0503,0505,0503,0505,0503,0501,0501,0501,0501,0501,0501,0501,0501,0501,0501,0501,0501,0501,0501,0501,0501,0501,0501,0501,0501,0501,0501,0501,0501,0501,0501,0501,0501,0501,0501,0501,0501,0501,0501,0501,0501,0506,0501,0506,0501,0502,0502,0502,0502,0502,0502,0502,0502,0502,0502,0502,0502,0502,0502,0502,0502,0502,0502,0504,0504,0504,0504,0504,0324,0504,0504,0504,0504,0504,0503,0503,0500,0500,0500,0500,0500,0500,0500,0500,0500,0500,0507,0500,0500,0500,0500,0500,0507,0500,0500,0500,0507,0500,0507,0500,0507,0501,0507,0501,0501,0507,0501,0501,0501,0501,0501,0507,0501,0501,0501,0501,0501,0501,0501,0501,0501,0501,0501,0501,0501,0501,0503,0503,0503,0503,0500,0500,0500,0500,0506,0500,0500,0500,0500,0500,0500,0500,0506,0500,0500,0500,0500,0500,0506,0500,0500,0500,0506,0500,0500,0506,0500,0506,0500,0502,0504,0502,0505,0502,0502,0505,0502,0501,0506,0501,0501,0506,0501,0501,0501,0502,0500,0500,0506,0500,0500,0506,0500,0506,0500,0506,0500,0502,0504,0502,0505,0502,0505,0502,0505,0502,0501,0506,0501,0501,0506,0501,0501,0501,0501,0506,0501,0501,0501,0501,0501,0501,0506,0501,0501,0501,0501,0501,0501,0501,0501,0503,0503,0503,0503,0500,0500,0500,0500,0500,0500,0500,0500,0500,0500,0500,0500,0500,0500,0500,0507,0500,0500,0500,0507,0500,0500,0500,0507,0500,0503,0505,0503,0501,0507,0501,0501,0501,0501,0507,0501,0501,0501,0501,0501,0501,0507,0501,0501,0501,0501,0501,0501,0501,0501,0503,0504,0504,0504,0504,0504,0504,0504,0504,0504,0504,",
    "image": {
      "src": "",
      "w": 1,
      "angle": 0,
      "x": 0,
      "y": 0
    }
  },
  {
    "glyph": "0506,0506,0506,0506,0506,0506,0506,0506,0506,0506,0506,0506,0506,0506,0506,0326,01120,01105,01120,01123,01111,0500,0500,0500,0500,0500,0500,0500,0500,0500,0506,0500,0500,0506,0500,0500,0506,0500,0506,0500,0506,0500,0506,0500,0502,0504,0502,0502,0507,0503,0503,0503,0503,0503,0503,0503,0503,0503,0503,0503,0503,0503,0503,0501,0501,0501,0501,0501,0501,0501,0501,0501,0501,0501,0501,0501,0501,0501,0501,0501,0501,0501,0501,0501,0501,0501,0501,0501,0501,0501,0501,0501,0502,0502,0502,0502,0502,0502,0502,0502,0502,0502,0502,0502,0502,0502,0502,0507,0507,0500,0503,0504,0503,0504,0503,0504,0503,0504,0503,0500,0507,0500,0500,0507,0500,0500,0500,0506,0506,0504,0504,0504,0504,0504,0504,0504,0504,0322,0500,0506,0500,0500,0506,0500,0506,0500,0506,0500,0504,0502,0502,0504,0502,0504,0502,0502,0504,0502,0502,0502,0502,0502,0502,0502,0502,0505,0502,0502,0502,0505,0502,0505,0502,0502,0505,0502,0501,0506,0501,0506,0501,0503,0505,0503,0503,0503,0503,0503,0503,0503,0503,0503,0503,0503,0504,0503,0503,0503,0503,0503,0503,0503,0503,0503,0503,0505,0503,0503,0505,0503,0505,0505,0505,0505,0505,0505,0505,0505,0505,0505,0505,0505,0327,0501,0502,0504,0502,0502,0502,0502,0502,0502,0502,0502,0502,0502,0502,0502,0505,0502,0502,0502,0502,0502,0502,0502,0502,0502,0504,0502,0502,0504,0502,0502,0507,0501,0507,0501,0501,0507,0501,0507,0501,0507,0501,0503,0505,0503,0505,0503,0503,0503,0503,0505,0503,0503,0503,0503,0504,0503,0503,0503,0504,0503,0503,0504,0503,0503,0504,0503,0504,0503,0504,0503,0506,0506,0506,0506,0506,0505,0505,0505,0505,0505,0506,0506,0506,0505,0506,0506,0506,0506,0506,0506,0506,0506,0506,0506,0322,0502,0502,0504,0502,0504,0502,0504,0502,0504,0502,0504,0502,0504,0502,0504,0502,0500,0500,0500,0506,0500,0500,0500,0500,0500,0500,0500,0500,0507,0500,0500,0500,0507,0500,0500,0507,0500,0507,0500,0507,0500,0507,0500,0507,0500,0503,0504,0503,0502,0502,0502,0502,0502,0502,0502,0502,0502,0502,0502,0502,0502,0502,0501,0501,0501,0501,0501,0501,0501,0501,0501,0501,0501,0501,0501,0501,0501,0501,0501,0501,0501,0501,0501,0501,0501,0501,0501,0501,0501,0501,0501,0503,0503,0503,0503,0503,0503,0503,0503,0503,0503,0503,0503,0507,0507,0507,0507,0507,0507,0507,0507,0507,0504,0504,0504,0504,0504,0504,0504,0504,0504,0504,0504,0507,",
    "image": {
      "src": "",
      "w": 1,
      "angle": 0,
      "x": 0,
      "y": 0
    }
  },
  {
    "glyph": "0506,0506,0506,0506,0506,0506,0506,0506,0506,0506,0506,0506,0506,0506,0506,0506,0506,0506,0506,0500,0500,0500,0500,0500,0500,0507,0500,0500,0507,0500,0500,0507,0500,0507,0500,0500,0507,0500,0503,0504,0503,0504,0503,0504,0503,0503,0504,0503,0503,0503,0504,0503,0503,0503,0503,0503,0503,0503,0503,0503,0503,0503,0503,0505,0503,0503,0503,0505,0503,0505,0503,0503,0505,0503,0505,0503,0505,0503,0505,0503,0501,0507,0501,0501,0507,0501,0501,0507,0501,0501,0501,0501,0501,0501,0501,0501,0501,0501,0501,0501,0501,0506,0501,0501,0506,0501,0501,0506,0501,0501,0506,0501,0506,0501,0506,0501,0505,0502,0502,0505,0502,0505,0502,0502,0505,0502,0502,0502,0502,0505,0502,0502,0502,0502,0502,0502,0502,0504,0502,0502,0502,0504,0502,0502,0502,0504,0502,0504,0502,0502,0504,0502,0504,0502,0504,0502,0504,0502,0500,0506,0500,0500,0506,0500,0500,0506,0500,0500,0500,0500,0500,0500,0500,0507,0507,0507,0507,0507,0507,0507,0507,0507,0507,0507,0507,0500,0500,0500,0500,0500,0500,0507,0500,0500,0500,0500,0500,0503,0503,0505,0503,0505,0503,0504,0503,0503,0503,0503,0503,0505,0503,0503,0504,0503,0504,0503,0503,0501,0501,0501,0501,0507,0501,0501,0501,0501,0501,0501,0501,0501,0506,0501,0506,0501,0502,0505,0502,0502,0502,0505,0503,0501,0501,0501,0501,0501,0501,0502,0502,0502,0502,0502,0502,0500,0500,0500,0502,0502,0502,0502,0504,0502,0500,0506,0500,0500,0502,0500,0507,0507,0501,0507,0501,0507,0501,0503,0503,0503,0500,0503,0500,0502,0502,0504,0502,0504,0502,0504,0502,0504,0502,0507,0507,0507,0507,0507,0507,0507,",
    "image": {
      "src": "",
      "w": 1,
      "angle": 0,
      "x": 0,
      "y": 0
    }
  },
  {
    "glyph": "0325,0500,0500,0502,0507,0503,0504,0502,0507,0504,0504,0500,0500,0507,0500,0503,0503,0505,0505,0502,0502,0507,0503,0503,0500,0500,0500,0506,0500,0506,0500,0502,0502,0502,0502,0502,0502,0505,0502,0506,0501,0501,0503,0503,0503,0505,0503,0501,0502,0502,0502,0502,0500,0505,0501,0501,0501,0501,0507,0501,0507,0501,0507,0501,0507,0501,0503,0503,0504,0503,0504,0503,0504,0503,0504,0503,0500,0500,0500,0504,0504,0504,0504,0504,0504,0502,0503,0505,0503,0505,0503,0501,0501,0507,0501,0501,0501,0506,0501,0501,0501,0506,0501,0501,0501,0501,0507,0501,0507,0501,0507,0501,0501,0501,0501,0506,0501,0506,0501,0506,0501,0501,0501,0501,0501,0507,0501,0501,0507,0501,0501,0501,0506,0506,0506,0501,0500,0500,0500,0506,0500,0500,0506,0500,0500,0500,0500,0500,0507,0500,0507,0500,0507,0500,0500,0500,0500,0506,0500,0506,0500,0500,0506,0500,0500,0506,0506,0506,0506,0506,0506,0504,0501,0501,0506,0501,0501,0506,0501,0501,0506,0501,0501,0501,0507,0501,0507,0501,0507,0501,0501,0501,0501,0501,0506,0501,0501,0506,0501,0501,0501,0501,0506,0506,0506,0500,0500,0500,0507,0500,0507,0500,0500,0500,0500,0500,0500,0506,0500,0506,0500,0506,0500,0500,0500,0500,0507,0500,0507,0500,0507,0500,0500,0500,0500,0500,0506,0500,0500,0500,0506,0500,0500,0500,0507,0500,0507,0500,0507,0500,0507,0500,0502,0502,0505,0502,0502,0501,0506,0501,0501,0506,0501,0501,0501,0501,0501,0507,0501,0501,0501,0501,0501,0506,0501,0506,0501,0501,0501,0501,0501,0501,0507,0501,0507,0501,0501,0507,0501,0501,0501,0506,0501,0506,0501,0501,0506,0501,0504,0502,0500,0500,0507,0500,0507,0500,0500,0500,0506,0504,0500,0505,0502,0505,0502,0502,0505,0502,0504,0502,0502,0502,0501,0505,0505,0503,0503,0503,0503,0501,0501,0507,0501,0504,0504,0504,0504,0506,0506,0502,0504,0504,0504,0504,0502,0502,0505,0502,0504,0502,0507,0500,0507,0500,0503,0503,0503,0500,0503,0504,0503,0500,0500,0507,0500,0500,0507,0500,0500,0500,0500,0500,0506,0500,0500,0500,0500,0507,0500,0507,0500,0500,0505,0502,0505,0502,0505,0502,0505,0502,0502,0502,0502,0505,0502,0502,0502,0505,0502,0502,0500,0507,0500,0507,0500,0500,0500,0507,0500,0500,0500,0500,0500,0503,0505,0503,0501,0507,0501,0501,0503,0503,0504,0503,0503,0503,0507,0507,0500,0506,0500,0500,0506,0500,0500,0503,0503,0505,0503,0500,0500,0500,0503,0503,0505,0503,0503,0505,0503,0500,0500,0507,0500,0502,0504,0502,0504,0503,0503,0503,0500,0507,0500,0505,0503,0505,0503,0503,0503,0501,0506,0501,0501,0501,0501,0506,0502,0502,0502,0505,0502,0503,0503,0503,0503,0507,0507,0500,0500,0503,0504,0503,0503,0503,0501,0501,0501,0507,0500,0503,0503,0501,0501,0506,0501,0506,0501,0501,0502,0502,0507,0507,0507,0507,0503,0503,0503,0503,0505,0503,0500,0507,0500,0500,0507,0500,0503,0501,0501,0501,0501,0507,0501,0501,0507,0501,0507,0501,0501,0501,0502,0502,0502,0504,0502,0504,0502,0502,0502,0504,0502,0504,0502,0504,0502,0504,0502,0507,0507,0507,0507,0507,0507,0507,0507,0507,0507,0507,0500,0506,0500,0500,0506,0500,0506,0500,0506,0500,0500,0506,0500,0506,0500,0502,0504,0502,0504,0502,0502,0504,0502,0504,0502,0502,0504,0502,0502,0502,0502,0504,0502,0502,0502,0502,0502,0502,0502,0502,0502,0505,0502,0502,0502,0502,0505,0502,0502,0505,0502,0502,0505,0502,0502,0501,0502,0501,0502,0505,0502,0505,0502,0505,0502,0501,0506,0501,0501,0506,0501,0501,0506,0501,0501,0501,0506,0501,0501,0501,0501,0501,0501,0503,0503,0504,0503,0503,0504,0503,0503,0503,0501,0501,0502,0502,0505,0502,0502,0505,0502,0502,0502,0501,0503,0503,0504,0503,0503,0503,0503,0501,0501,0502,0502,0505,0502,0502,0502,0502,0501,0503,0503,0503,0504,0503,0503,0503,0501,0501,0502,0505,0502,0502,0505,0502,0503,0503,0504,0503,0507,0507,0507,0507,0507,0507,0507,0507,0507,0507,0507,0507,0507,0507,0507,0507,0507,0507,0507,0507,0507,0507,0507,0507,0507,0507,0507,0507,0507,0500,0506,0500,0506,0500,0500,0506,0500,0500,0500,0507,0500,0500,0500,0500,0500,0500,0500,0500,0506,0500,0503,0505,0503,0501,0503,0501,0501,0501,0501,0501,0501,0501,0501,0501,0507,0501,0501,0507,0501,0507,0501,0501,0501,0507,0501,0503,0503,0501,0505,0501,0502,0501,0501,0506,0501,0503,0503,0501,0502,0502,0502,0501,0501,0503,0505,0502,0502,0504,0502,0504,0502,0504,0502,0500,0500,0505,0505,0505,0505,0507,0501,0501,0504,0502,0504,0502,0500,0506,0500,0500,0500,0500,0507,0500,0500,0507,0500,0507,0500,0500,0500,0507,0501,0501,0501,0501,0501,0503,0505,0503,0503,0507,0507,0503,0503,0501,0502,0502,0507,0507,0504,0504,0500,0502,0507,0507,0501,0500,0504,0502,0504,0502,0500,0503,0503,0505,0503,0503,0500,0502,0504,0502,0504,0502,0502,0500,0503,0503,0503,0505,0503,0500,0503,0504,0506,0502,0504,0502,0502,0502,0504,0502,0500,0503,0503,0505,0503,0503,0503,0503,0500,0502,0502,0502,0504,0502,0502,0504,0502,0502,0500,0500,0503,0503,0505,0503,0503,0505,0503,0503,0503,0500,0500,0500,0500,0500,0506,0500,0500,0500,0506,0506,0506,0506,0506,0506,0506,0506,0506,0506,0506,0506,0506,0506,0506,0506,0506,0506,0506,0506,0506,0506,0505,0505,0505,0505,0505,0505,0505,0505,0505,0320,",
    "image": {
      "src": "",
      "w": 1,
      "angle": 0,
      "x": 0,
      "y": 0
    }
  },
  {
    "glyph": "0322,0505,0505,0505,0505,0505,0505,0505,0505,0505,0505,0505,0505,0505,0505,0505,0505,0502,0502,0502,0502,0502,0502,0502,0502,0502,0502,0502,0502,0502,0502,0502,0502,0502,0502,0502,0502,0502,0502,0502,0502,0502,0502,0502,0500,0500,0500,0500,0500,0500,0507,0500,0500,0500,0500,0507,0500,0500,0500,0507,0500,0500,0507,0500,0500,0507,0500,0500,0507,0500,0507,0500,0507,0500,0500,0507,0500,0507,0500,0507,0500,0503,0504,0503,0504,0503,0503,0504,0503,0504,0503,0504,0503,0503,0504,0503,0503,0504,0503,0503,0503,0503,0504,0503,0503,0503,0504,0503,0503,0503,0503,0503,0503,0506,0506,0506,0506,0506,0502,0502,0502,0502,0502,0502,0502,0502,0502,0502,0502,0502,0502,0502,0502,0502,0502,0502,0502,0502,0502,0502,0502,0502,0502,0502,0502,0502,0502,0501,0501,0501,0501,0501,0501,0501,0501,0501,0501,0501,0501,0501,0501,0501,0501,0501,0501,0501,0501,0501,0501,0501,0501,0501,0501,0501,0501,0507,0507,0507,0507,0507,0507,0507,0507,0507,0507,0507,0507,0507,0505,0505,0507,0507,0507,0507,0507,0505,0505,0507,0507,0507,0507,0507,0507,0505,0507,0507,0507,0507,0505,0505,0502,0503,0503,0503,0503,0503,0503,0503,0503,0503,0503,0503,0503,0503,0503,0503,0503,0503,0503,0503,0503,0503,0503,0503,0503,0503,0503,0503,0503,0503,0500,0500,0500,0500,0500,0500,0500,0500,0500,0500,0500,0500,0500,0500,0500,0500,0500,0500,0500,0500,0500,0500,0500,0500,0500,0500,0500,0500,0500,0500,0500,0500,0500,0500,0500,0502,0502,0502,0502,0502,0502,0502,0502,0502,0502,0502,0502,0502,0502,0502,0502,0502,0502,0502,0502,0502,0505,0502,0501,0501,0501,0501,0501,0501,0501,0501,0501,0501,0501,0501,0501,0501,0501,0501,0501,0501,0501,0501,0501,0501,0501,0501,0501,0501,0501,0501,0501,0501,0501,0501,0501,0504,0504,0504,0504,0504,0504,0504,0504,0504,0504,0504,0504,0504,0504,0504,0504,0504,0504,0504,0504,0504,0504,0504,0504,0504,0504,0504,0504,0504,0504,0504,0504,0504,0507,0507,0507,0507,0503,0503,0505,0503,0503,0503,0505,0503,0503,0505,0503,0503,0505,0503,0505,0503,0505,0503,0505,0503,0505,0503,0501,0507,0501,0501,0507,0501,0501,0507,0501,0501,0501,0501,0501,0501,0501,0501,0501,0501,0501,0501,0506,0501,0501,0506,0501,0501,0506,0501,0506,0501,0506,0501,0502,0505,0502,0502,0502,0502,0502,0506,0506,0506,0506,0502,0504,0502,0502,0504,0502,0504,0502,0500,0500,0504,0504,0504,0504,0500,0507,0500,0507,0500,0502,0502,0507,0507,0503,0503,0503,0503,0503,0503,0503,0503,0503,0503,0503,0503,0503,0503,0503,0503,0503,0506,0506,0506,0506,0506,0506,0506,0506,0506,0506,0506,0501,0501,0501,0501,0501,0501,0501,0501,0501,0501,0501,0501,0504,0504,0504,0504,0504,0504,0504,0502,0502,0502,0502,0502,0502,0502,0502,0507,0507,0507,0507,0500,0500,0500,0500,0506,0506,0506,0506,0506,0506,0506,0506,0506,0506,0506,0506,0504,0504,0504,0504,0320,",
    "image": {
      "src": "",
      "w": 1,
      "angle": 0,
      "x": 0,
      "y": 0
    }
  }
]