[
    {
        "glyph": "      0504,0323,0502,0502,0502,0502,0500,0507,0500,0500,0507,0500,0507,0500,0500,0507,0500,0500,0507,0501,0501,0507,0501,0501,0507,0501,0507,0501,0501,0507,0501,0502,0502,0502,0502,0502,0507,0507,0507,0507,0507,0507,0507,0507,0507,0503,0503,0503,0503,0503,0503,0503,0503,0503,0503,0500,0500,0506,0500,0500,0500,0506,0500,0500,0500,0506,0500,0500,0500,0506,0500,0500,0500,0502,0501,0501,0501,0506,0501,0501,0506,0501,0501,0501,0501,0506,0501,0501,0501,0506,0501,0506,0506,0506,0506,0506,0506,0506,0506,0506,0506,0506,0506,0506,0506,0506,0506,0506,0506,0506,0500,0500,0500,0500,0500,0500,0500,0500,0502,0502,0502,0502,0502,0502,0502,0502,0502,0502,0501,0501,0501,0501,0501,0501,0501,0501,0501,0503,0503,0503,0503,0503,0503,0503,0503,0503,0503,0500,0505,0505,0505,0505,0320,0505,0505,0506,0506,0506,0506,0506,0506,0506,0506,0506,0506,0503,0503,0503,0503,0503,0503,0503,0503,0503,0503,0503,0503,0503,0503,0503,0503,0503,0503,0503,0503,0503,0503,0503,0503,0503,0503,0503,0503,0503,0503,0503,0503,0503,0503,0503,0503,0503,0503,0505,0505,0505,0505,0501,0502,0502,0502,0502,0502,0506,0506,0506,0506,0502,0502,0502,0502,0502,0506,0506,0506,0506,0502,0502,0502,0502,0502,0502,0506,0506,0506,0506,0502,0502,0502,0502,0502,0505,0505,0505,0505,0506,0506,0506,0505,0502,0503,0503,0503,0503,0503,0503,0503,0503,0503,0503,0503,0503,0503,0503,0503,0503,0503,0503,0503,0503,0503,0503,0503,0503,0503,0503,0503,0503,0503,0503,0503,0503,0503,0503,0503,0503,0503,0504,0504,0504,0504,0504,0504,0504,0504,0504,0504,0504,0504,0504,0504,0506,0506,0506,0506,0506,0506,0506,0506,0506,0506,0506,0506,0506,0506,0506,0506,0506,0506,0506,",
        "shapes": [],
        "x0": 0.5,
        "y0": 0.5,
        "unit": 0.12,
        "style": {
            "color0": "black",
            "fill0": "black",
            "line0": 1,
            "color1": "black",
            "fill1": "black",
            "line1": 5,
            "color2": "red",
            "fill2": "red",
            "line2": 1,
            "color3": "#FF7900",
            "fill3": "#FF7900",
            "line3": 1,
            "color4": "yellow",
            "fill4": "yellow",
            "line4": 1,
            "color5": "green",
            "fill5": "green",
            "line5": 1,
            "color6": "blue",
            "fill6": "blue",
            "line6": 1,
            "color7": "purple",
            "fill7": "purple",
            "line7": 1
        },
        "image": {
            "src": "uploadimages/image1.PNG",
            "w": 1.4075342465753424,
            "angle": 0,
            "x": -0.4178082191780822,
            "y": -0.13356164383561644
        }
    },
    {
        "glyph": "0326,0341,0333,0337,0341,0333,0337,0341,",
        "shapes": [],
        "x0": 0.5,
        "y0": 0.5,
        "unit": 0.12,
        "style": {
            "color0": "black",
            "fill0": "black",
            "line0": 1,
            "color1": "black",
            "fill1": "black",
            "line1": 5,
            "color2": "red",
            "fill2": "red",
            "line2": 1,
            "color3": "#FF7900",
            "fill3": "#FF7900",
            "line3": 1,
            "color4": "yellow",
            "fill4": "yellow",
            "line4": 1,
            "color5": "green",
            "fill5": "green",
            "line5": 1,
            "color6": "blue",
            "fill6": "blue",
            "line6": 1,
            "color7": "purple",
            "fill7": "purple",
            "line7": 1
        },
        "image": {
            "src": "https://i.imgur.com/JgWqwxU.jpg",
            "w": 1.4075342465753424,
            "angle": 0,
            "x": -0.2945205479452055,
            "y": -0.5342465753424658
        }
    }
]