[
    "041:0321,",
    "042:0236,",
    "043:0323,",
    "044:0324,",
    "045:0325,",
    "046:0327,",
    "047:021,",
    "050:0345,",
    "051:0346,",
    "052:0300,",
    "053:0211,",
    "054:032,",
    "055:0314,",
    "056:033,",
    "057:020,",
    "060:0313,",
    "061:0305,",
    "062:0306,",
    "063:0350,",
    "064:0351,",
    "065:0352,",
    "066:0353,",
    "067:0310,",
    "070:0311,",
    "071:0312,",
    "072:0216,",
    "073:037,",
    "074:0237,",
    "075:0316,",
    "076:0177,",
    "077:0177",
    "0100:0322,",
    "0101:0230",
    "0102:0234,",
    "0103:0506,",
    "0104:0232",
    "0105:0222,",
    "0106:0233",
    "0107:0234",
    "0110:0235",
    "0111:0227,",
    "0112:0236",
    "0113:0237",
    "0114:0177,",
    "0115:0236,",
    "0116:0235,",
    "0117:0177,",
    "0120:0177,",
    "0121:0220",
    "0122:0223,",
    "0123:0231",
    "0124:0224,",
    "0125:0226,",
    "0126:0507,",
    "0127:0221",
    "0130:0505,",
    "0131:0225,",
    "0132:0504,",
    "0133:0365,",
    "0134:0201,",
    "0135:0204,",
    "0136:0326,",
    "0137:0210,",
    "0140:0304,",
    "0141:0330",
    "0142:0200,",
    "0143:0342,",
    "0144:0332,",
    "0145:0363,",
    "0146:0333,",
    "0147:0334,",
    "0150:0335,",
    "0151:0370,",
    "0152:0336,",
    "0153:0337,",
    "0154:036,",
    "0155:031,",
    "0156:030,",
    "0157:0371,",
    "0160:0347,",
    "0161:0362,",
    "0162:0354,",
    "0163:0331,",
    "0164:0364,",
    "0165:0367,",
    "0166:0343,",
    "0167:0203,",
    "0170:0341,",
    "0171:0366,",
    "0172:0340,",
    "0173:0213,",
    "0174:011,",
    "0175:0214,",
    "0176:0320,",
    "0200:0362,0203,0334,0203,0334,0203,0334,0203,0334,0354,",
    "0201:0342,0330,",
    "0202:0304,0313,0350,0335,0336,0336,0342,0333,0342,0333,0342,0333,0342,0333,0334,0304,0337,0337,",
    "0203:0344,0330,",
    "0204:0362,0203,0334,0203,0334,0203,0334,0203,0334,0363,",
    "0205:0362,0203,0335,0203,0203,0335,0203,0335,0203,0203,0335,0363,0336,0330,0333,0336,0331,0332,0337,0365,0336,0332,0331,0337,0337,",
    "0206:0336,0332,0337,0362,0203,0334,0336,0203,0335,0350,0335,0337,0310,0337,0203,0335,0335,0203,0335,0304,0335,0336,0313,0336,0203,0334,0337,0203,0363,0335,0335,0336,0332,0337,",
    "0207:0342,0334,0342,0335,0335,0342,0334,0336,0330,0340,0331,0337,0337,0330,0340,0331,0336,",
    "0210:0310,0337,0311,0336,0313,",
    "0211:0311,0337,0310,0336,0313,",
    "0212:0336,0336,0333,0331,0333,0331,0332,0330,0336,0332,0334,0337,0362,0203,0335,0203,0334,0336,0203,0335,0350,0335,0310,0337,0203,0203,0335,0335,0203,0203,0335,0335,0335,0336,0203,0334,0334,0337,0337,0203,0304,0335,0313,0354,0335,0330,0336,0332,0337,0337,0337,",
    "0213:0313,0336,0336,0336,0336,0336,0336,0336,0316,0337,0337,0337,0313,",
    "0214:0316,0336,0336,0336,0313,0337,0337,0337,0337,0337,0337,0337,",
    "0215:0304,0313,0342,0330,0335,0335,0336,0336,0306,0350,0335,0362,0203,0334,0334,0334,0334,0203,0334,0334,0334,0334,0203,0363,0335,0337,0337,0331,0304,0313,0360,0313,",
    "0216:0336,0333,0336,0333,0337,0337,0336,0330,0332,0336,0336,0333,0331,0331,0347,0330,0330,0330,0330,0347,0331,0331,0337,0337,0331,0333,0336,0336,0332,0337,0337,0337,",
    "0217:0332,0332,0332,0332,0331,0331,0331,0362,0203,0203,0203,0203,0203,0203,0364,0333,0350,0334,0343,0335,0330,0335,0335,0362,0203,0203,0203,0203,0203,0203,0364,0335,0333,0334,0334,0343,0335,0330,0335,0335,0362,0203,0203,0203,0203,0203,0203,0364,0335,0333,0334,0334,0343,0335,0330,0335,0335,0362,0203,0203,0203,0203,0203,0203,0364,0335,0333,0334,0334,0343,0335,0335,0335,0331,0304,0333,0333,0333,0330,0330,0330,0330,",
    "0500:0406,0406,0403,0407,0405,0404,0407,0336,0336,0336,0336,0330,0330,0347,0337,0337,0337,0337,0702,0711,",
    "0501:0406,0406,0402,0407,0405,0404,0407,0336,0336,0336,0336,0331,0331,0347,0337,0337,0337,0337,0703,0711,",
    "0502:0406,0406,0401,0407,0405,0404,0407,0336,0336,0336,0336,0332,0332,0347,0337,0337,0337,0337,0701,0711,",
    "0503:0406,0406,0400,0407,0405,0404,0407,0336,0336,0336,0336,0333,0333,0347,0337,0337,0337,0337,0700,0711,",
    "0504:0406,0406,0403,0407,0407,0336,0336,0336,0336,0330,0330,0337,0337,0337,0337,0702,",
    "0505:0406,0406,0402,0407,0407,0336,0336,0336,0336,0331,0331,0337,0337,0337,0337,0703,",
    "0506:0406,0406,0401,0407,0407,0336,0336,0336,0336,0332,0332,0337,0337,0337,0337,0701,",
    "0507:0406,0406,0400,0407,0407,0336,0336,0336,0336,0333,0333,0337,0337,0337,0337,0700,",
    "0510:0403,0336,0336,0336,0342,0330,0337,0337,0337,",
    "0511:0402,0336,0336,0336,0331,0342,0337,0337,0337,",
    "0512:0400,0336,0336,0336,0334,0342,0330,0335,0337,0337,0337,",
    "0513:0401,0336,0336,0336,0335,0342,0330,0334,0337,0337,0337,",
    "0514:0406,0406,0406,0401,0403,0401,0403,0401,0403,0401,0403,0401,0403,0401,0403,0401,0403,0401,0403,0407,0407,0407,0336,0336,0336,0350,0310,0337,0335,0201,0334,0336,0313,0304,0337,0337,0337,",
    "0515:0406,0406,0406,0401,0402,0401,0402,0401,0402,0401,0402,0401,0402,0401,0402,0401,0402,0401,0402,0407,0407,0407,0336,0336,0336,0350,0310,0337,0335,0335,0335,0201,0334,0336,0313,0304,0334,0337,0337,0337,",
    "0516:0406,0406,0406,0400,0402,0400,0402,0400,0402,0400,0402,0400,0402,0400,0402,0400,0402,0400,0402,0407,0407,0407,0336,0336,0336,0350,0310,0337,0335,0335,0335,0335,0335,0201,0334,0336,0313,0304,0335,0335,0337,0337,0337,",
    "0517:0406,0406,0406,0400,0403,0400,0403,0400,0403,0400,0403,0400,0403,0400,0403,0400,0403,0400,0403,0407,0407,0407,0336,0336,0336,0350,0310,0337,0335,0335,0335,0335,0335,0335,0335,0201,0334,0336,0313,0304,0335,0335,0337,0337,0337,0335,0335,0335,",
    "0600:0711,0701,0711,0701,0711,0701,0711,0700,0700,0700,0700,0711,0700,0711,0700,0711,0700,0711,0702,0711,0701,0711,0701,0711,0701,0711,0701,0711,0701,0711,0701,0711,0701,0711,0702,0711,0700,0711,0700,0711,0700,0711,0700,0711,0700,0711,0700,0711,0700,0711,0702,0711,0701,0711,0701,0711,0701,0711,0701,0711,0701,0711,0701,0711,0701,0711,0703,0703,0703,0703,0711,0700,0711,0700,0711,0700,0711,0700,0711,0700,0711,0700,0711,0700,0711,0703,0711,0701,0711,0701,0711,0701,0711,0701,0711,0701,0711,0701,0711,0701,0711,0703,0711,0700,0711,0700,0711,0700,0711,0700,0711,0700,0711,0700,0711,0700,0711,0703,0711,0701,0711,0701,0711,0701,0711,0701,0711,0701,0711,0701,0711,0701,0711,0702,0702,0702,0702,0700,0700,0700,0700,0706,0701,0703,0706,0704,0704,0724,0706,",
    "0601:0711,0703,0711,0703,0711,0703,0711,0703,0711,0703,0711,0703,0711,0703,0711,0703,0711,0703,0711,0700,0702,0702,0702,0702,0702,0702,0702,0702,0702,",
    "0602:0601,0601,0601,0601,0601,0601,0601,0601,0601,0601,0701,0701,0701,0701,0701,0706,0701,0707,0703,0703,0703,0703,0706,0703,0707,0706,0706,0704,0706,0704,0704,0724,",
    "0603:0602,0703,0701,0701,0701,0701,0701,0701,0701,",
    "01010:0333,0200,0350,0334,0310,0337,0342,0336,0332,0335,0335,0337,0342,0336,0333,0334,0351,0313,",
    "01011:0333,0200,0322,0336,0330,0332,0350,0335,0304,0336,0336,0336,0330,0332,0337,0362,0203,0203,0335,0203,0335,0203,0203,0334,0203,0203,0335,0203,0335,0203,0203,0334,0203,0203,0335,0203,0335,0203,0203,0334,0203,0203,0335,0203,0335,0203,0203,0363,0331,0333,0337,0320,0334,0334,0336,0331,0336,0331,0333,0337,0350,0335,0304,0337,0337,0341,0350,0335,0330,0334,0336,0336,0342,0334,0334,0342,0335,0335,0335,0337,0337,0331,0334,0336,0304,0336,0337,0337,0331,0333,0337,",
    "01020:0304,0333,0200,0336,0330,0332,0336,0336,0332,0337,0200,0333,0333,0200,0332,0332,0336,0330,0335,0337,0342,0330,0350,0335,0335,0351,0333,0350,0336,0334,0342,0334,0334,0342,0337,0335,0351,0333,0336,0333,0331,0337,0337,0331,0337,0304,0336,0330,0330,0336,0330,0334,0331,0337,0337,",
    "01021:0304,0333,0200,0336,0330,0332,0336,0336,0332,0337,0200,0333,0333,0200,0332,0332,0336,0330,0335,0337,0342,0330,0350,0335,0335,0335,0336,0342,0335,0335,0342,0337,0335,0351,0333,0336,0333,0331,0337,0337,0331,0337,0304,",
    "01022:0333,0200,0336,0336,0330,0330,0332,0332,0332,0336,0336,0333,0337,0337,0336,0330,0336,0333,0337,0337,0200,0333,0200,0333,0200,0331,0331,0332,0332,0200,0333,0200,0333,0200,0336,0333,0331,0337,0337,0332,0330,0336,0336,0331,0337,0342,0330,0335,0350,0335,0336,0342,0335,0335,0342,0337,0335,0335,0335,0351,0331,0331,0331,0333,0333,0336,0330,0337,0337,0337,",
    "01023:0333,0200,0336,0336,0330,0330,0332,0332,0332,0336,0336,0333,0337,0337,0336,0330,0336,0333,0337,0337,0200,0333,0200,0333,0200,0331,0331,0332,0332,0200,0333,0200,0333,0200,0336,0333,0331,0337,0337,0332,0330,0336,0336,0331,0337,0335,0335,0331,0342,0330,0335,0350,0335,0336,0342,0335,0335,0342,0337,0335,0335,0335,0351,0331,0331,0331,0333,0333,0336,0330,0337,0337,0337,0335,0335,0331,0333,",
    "01024:0333,0200,0336,0336,0330,0332,0337,0200,0336,0336,0330,0332,0337,0200,0336,0336,0330,0332,0337,0200,0333,0333,0333,0331,0331,0331,0336,0331,0333,0337,0337,0337,0337,",
    "01025:0333,0200,0336,0330,0332,0336,0330,0332,0331,0336,0337,0123,0126,0107,0365,0335,0321,0330,0335,0336,0330,0337,0201,0335,0335,0350,0334,0336,0330,0335,0335,0335,0335,0362,0203,0334,0334,0203,0364,0331,0334,0304,0337,0337,0333,0336,0336,0331,0337,0337,0337,0320,",
    "01026:0333,0200,0336,0330,0332,0336,0336,0333,0331,0337,0200,0306,0335,0342,0332,0342,0330,0335,0335,0342,0335,0335,0335,0335,0331,0334,0304,0332,0306,0335,0342,0330,0350,0335,0342,0334,0331,0335,0304,0334,0331,0332,0335,0336,0332,0337,0342,0330,0350,0335,0335,0335,0336,0342,0335,0335,0342,0335,0304,0331,0331,0331,0331,0333,0333,0333,0333,0333,0337,0337,0337,",
    "01027:0333,0200,0336,0330,0332,0336,0336,0333,0331,0337,0332,0200,0306,0335,0342,0332,0342,0330,0335,0335,0342,0335,0335,0335,0335,0331,0334,0304,0332,0306,0335,0342,0330,0350,0335,0342,0334,0331,0335,0304,0334,0331,0333,0333,0330,0335,0342,0330,0350,0335,0335,0335,0336,0342,0335,0335,0342,0335,0304,0331,0331,0331,0331,0331,0333,0337,0337,0337,",
    "01030:0333,0200,0336,0330,0332,0336,0334,0362,0203,0335,0350,0335,0310,0337,0203,0335,0335,0203,0335,0335,0335,0336,0203,0364,0304,0335,0313,0337,0333,0331,0337,",
    "01031:0333,0200,0336,0330,0332,0336,0334,0335,0335,0362,0203,0335,0350,0335,0310,0337,0203,0335,0335,0203,0335,0335,0335,0336,0203,0364,0304,0335,0335,0335,0313,0337,0333,0331,0337,",
    "01032:0333,0200,0336,0330,0332,0334,0336,0334,0362,0203,0335,0350,0335,0310,0337,0203,0335,0335,0203,0335,0335,0335,0336,0203,0364,0304,0335,0335,0313,0337,0333,0331,0337,",
    "01033:0333,0200,0336,0330,0332,0335,0336,0334,0362,0203,0335,0350,0335,0310,0337,0203,0335,0335,0203,0335,0335,0335,0336,0203,0364,0304,0313,0337,0333,0331,0337,",
    "01034:0333,",
    "01035:0333,",
    "01036:0333,0200,0336,0332,0330,0336,0332,0362,0203,0335,0350,0335,0310,0337,0203,0335,0335,0203,0335,0335,0335,0336,0203,0364,0335,0335,0330,0334,0337,0362,0203,0335,0335,0335,0336,0203,0203,0335,0335,0335,0337,0203,0364,0331,0335,0336,0304,0313,0333,0331,0337,0337,",
    "01037:0333,0200,0336,0332,0330,0336,0332,0362,0335,0335,0203,0335,0350,0335,0310,0337,0203,0335,0335,0203,0335,0335,0335,0336,0203,0364,0335,0335,0330,0334,0335,0331,0331,0331,0331,0334,0337,0362,0203,0335,0335,0335,0336,0203,0203,0335,0335,0335,0337,0203,0364,0331,0335,0336,0304,0313,0333,0331,0337,0332,0335,0335,0337,0331,",
    "01040:0507,0507,0507,0507,0507,0507,",
    "01041:0507,0507,0503,0503,0500,0502,0504,0500,0503,0500,0502,0500,0503,0500,0502,0500,0503,0507,0507,0505,0505,0505,0505,0505,0505,0505,",
    "01042:0507,0507,0504,0504,0504,0504,0500,0500,0500,0507,0503,0501,0501,0505,0505,0505,0505,0507,0505,0507,",
    "01043:0507,0503,0500,0500,0500,0500,0500,0500,0505,0505,0502,0505,0501,0503,0503,0503,0500,0500,0502,0507,0500,0500,0505,0505,0503,0505,0501,0502,0506,0507,0501,0501,0507,0507,",
    "01044:0507,0500,0503,0503,0503,0506,0500,0500,0500,0500,0500,0505,0502,0505,0502,0501,0503,0507,0504,0504,0503,0503,0506,0505,0501,0503,0501,0505,0505,0506,0502,0507,0507,0507,",
    "01045:0503,0500,0507,0500,0503,0500,0500,0500,0500,0502,0502,0501,0501,0503,0507,0503,0507,0500,0500,0505,0505,0505,0506,0506,0505,0501,0501,0503,0503,0500,0500,0502,0507,0507,0505,0505,",
    "01046:0503,0500,0500,0507,0500,0506,0500,0500,0507,0500,0507,0501,0501,0505,0501,0505,0503,0505,0502,0502,0507,0507,0507,0504,0500,0505,0501,0507,",
    "01047:0507,0507,0507,0504,0504,0504,0500,0500,0500,0505,0505,0505,0505,0505,0505,0507,0507,0507,",
    "01050:0507,0507,0503,0504,0502,0500,0500,0500,0500,0507,0500,0507,0507,0507,0505,0505,0505,0505,0505,0505,",
    "01051:0507,0507,0503,0507,0500,0500,0500,0500,0500,0504,0502,0507,0507,0505,0505,0505,0505,0505,0505,0507,",
    "01052:0507,0500,0507,0500,0500,0502,0507,0500,0504,0502,0507,0503,0500,0505,0501,0501,0501,0501,0501,0507,0504,0500,0500,0500,0507,0500,0505,0501,0505,0501,0505,0507,0505,0504,",
    "01053:0507,0507,0504,0503,0500,0500,0500,0500,0505,0505,0502,0502,0507,0507,0503,0503,0505,0505,0505,0507,",
    "01054:0507,0507,0503,0505,0502,0507,0507,0504,0507,0507,",
    "01055:0504,0504,0503,0503,0503,0503,0503,0505,0505,0507,",
    "01056:0507,0507,0503,0500,0503,0501,0507,0507,",
    "01057:0503,0507,0500,0507,0500,0507,0500,0507,0500,0505,0505,0505,0505,0507,",
    "01060:0507,0500,0500,0500,0500,0500,0507,0500,0503,0503,0507,0501,0501,0501,0501,0501,0505,0502,0502,0502,0507,0507,0500,0506,0500,0500,0506,0500,0500,0507,0507,0507,0507,0505,0505,0505,0505,0505,",
    "01061:0503,0503,0503,0503,0503,0506,0506,0500,0500,0500,0500,0500,0500,0505,0502,0507,0507,0507,0507,0505,0505,0505,0505,0505,",
    "01062:0503,0503,0503,0503,0503,0502,0502,0502,0500,0507,0500,0507,0500,0507,0500,0500,0506,0500,0502,0502,0505,0502,0505,0505,0505,0505,0505,0507,0507,0507,0507,0507,",
    "01063:0507,0500,0505,0503,0503,0503,0507,0500,0500,0504,0502,0502,0507,0507,0500,0500,0504,0502,0502,0502,0505,0502,0505,0505,0505,0505,0505,0507,0507,0507,0507,0507,",
    "01064:0507,0504,0500,0500,0507,0500,0507,0500,0507,0500,0501,0501,0501,0501,0502,0502,0507,0507,0503,0506,0501,0501,0507,0507,",
    "01065:0507,0500,0505,0503,0503,0503,0507,0500,0500,0500,0504,0502,0502,0502,0502,0500,0500,0503,0503,0503,0503,0505,0505,0505,0505,0505,0505,0507,",
    "01066:0507,0500,0500,0500,0500,0500,0507,0500,0503,0503,0505,0503,0506,0506,0506,0505,0505,0506,0503,0503,0503,0507,0501,0501,0505,0502,0502,0502,0507,0507,0507,0507,",
    "01067:0507,0507,0503,0500,0500,0500,0507,0500,0507,0500,0500,0502,0502,0502,0502,0507,0507,0507,0507,0507,0505,0505,0505,0505,0505,0505,",
    "01070:0507,0500,0500,0507,0500,0506,0500,0500,0507,0500,0503,0503,0507,0501,0501,0505,0502,0502,0507,0507,0501,0501,0505,0502,0502,0502,0507,0507,0507,0507,",
    "01071:0507,0500,0505,0503,0503,0503,0507,0500,0500,0500,0500,0500,0504,0502,0502,0502,0506,0501,0501,0505,0503,0503,0503,0507,0507,0505,0505,0505,",
    "01072:0507,0507,0507,0500,0502,0500,0503,0504,0500,0502,0500,0503,0507,0507,0507,0505,0505,0505,0505,0505,",
    "01073:0507,0507,0507,0504,0502,0504,0503,0504,0500,0502,0500,0503,0507,0507,0507,0505,0505,0505,0505,0505,",
    "01074:0507,0507,0507,0503,0504,0502,0504,0502,0507,0500,0507,0500,0505,0505,0505,0505,0507,0507,",
    "01075:0507,0504,0500,0503,0503,0503,0503,0504,0500,0502,0502,0502,0502,0505,0505,0505,0505,0507,0507,0507,0507,0507,",
    "01076:0507,0503,0507,0500,0507,0500,0506,0500,0506,0500,0505,0505,0505,0505,0507,0507,0507,0507,",
    "01077:0507,0507,0503,0504,0500,0500,0503,0507,0500,0500,0504,0502,0502,0502,0506,0501,0501,0505,0505,0505,0505,0507,0507,0507,0507,0507,",
    "01100:0507,0503,0503,0503,0503,0504,0506,0506,0506,0502,0500,0500,0500,0500,0507,0500,0503,0503,0505,0503,0501,0502,0502,0501,0501,0503,0507,0500,0505,0505,0505,0507,",
    "01101:0507,0505,0500,0500,0500,0500,0500,0500,0507,0500,0503,0503,0505,0503,0501,0501,0501,0501,0501,0504,0504,0504,0502,0502,0502,0507,0507,0507,0507,0505,0505,0505,",
    "01102:0507,0505,0500,0500,0500,0500,0500,0500,0500,0503,0503,0503,0507,0501,0501,0505,0502,0502,0502,0507,0507,0507,0501,0501,0505,0502,0502,0502,0507,0507,0507,0507,",
    "01103:0507,0500,0500,0500,0500,0500,0504,0503,0503,0503,0507,0501,0505,0505,0505,0501,0505,0502,0502,0502,0507,0507,0507,0507,",
    "01104:0507,0505,0500,0500,0500,0500,0500,0500,0500,0503,0503,0505,0503,0505,0503,0501,0501,0505,0502,0505,0502,0502,0507,0507,0507,0507,",
    "01105:0507,0505,0500,0500,0500,0500,0500,0500,0500,0503,0503,0503,0503,0505,0505,0505,0506,0502,0502,0505,0505,0505,0506,0503,0503,0503,0503,0507,",
    "01106:0507,0505,0500,0500,0500,0500,0500,0500,0500,0503,0503,0503,0503,0505,0505,0505,0506,0502,0502,0505,0505,0505,0507,0507,0507,0507,",
    "01107:0507,0500,0500,0500,0500,0500,0507,0500,0503,0503,0505,0503,0505,0505,0502,0502,0507,0503,0501,0501,0501,0502,0502,0502,0507,0507,0507,0507,",
    "01110:0507,0505,0500,0500,0500,0500,0500,0500,0500,0505,0505,0505,0503,0503,0503,0503,0500,0500,0500,0505,0505,0505,0501,0501,0501,0507,",
    "01111:0507,0503,0503,0503,0506,0500,0500,0500,0500,0500,0500,0502,0507,0503,0505,0505,0505,0505,0505,0505,0507,0507,",
    "01112:0507,0500,0505,0503,0503,0507,0500,0500,0500,0500,0500,0500,0502,0507,0503,0505,0505,0505,0505,0505,0505,0507,",
    "01113:0507,0505,0500,0500,0500,0500,0500,0500,0500,0505,0505,0505,0503,0507,0500,0507,0500,0507,0500,0505,0505,0505,0506,0506,0501,0507,0501,0507,0501,0507,",
    "01114:0507,0505,0500,0500,0500,0500,0500,0500,0500,0505,0505,0505,0505,0505,0505,0503,0503,0503,0503,0507,",
    "01115:0505,0507,0500,0500,0500,0500,0500,0500,0500,0505,0503,0507,0501,0501,0507,0504,0500,0507,0500,0501,0501,0501,0501,0501,0501,0507,",
    "01116:0507,0505,0500,0500,0500,0500,0500,0500,0500,0507,0505,0501,0507,0501,0507,0501,0507,0501,0501,0504,0500,0500,0500,0500,0500,0507,0505,0505,0505,0505,0505,0505,",
    "01117:0507,0500,0500,0500,0500,0500,0507,0500,0503,0503,0505,0503,0501,0501,0501,0501,0505,0502,0502,0502,0507,0507,0507,0507,",
    "01120:0507,0505,0500,0500,0500,0500,0500,0500,0500,0503,0503,0503,0507,0501,0501,0505,0502,0502,0502,0505,0505,0505,0507,0507,0507,0507,",
    "01121:0507,0500,0500,0500,0500,0500,0507,0500,0503,0503,0505,0503,0501,0501,0501,0505,0502,0504,0502,0505,0505,0502,0503,0507,0503,0507,",
    "01122:0507,0505,0500,0500,0500,0500,0500,0500,0500,0503,0503,0503,0507,0501,0501,0505,0502,0502,0502,0507,0501,0505,0503,0505,0503,0507,",
    "01123:0507,0500,0505,0503,0503,0503,0507,0500,0500,0504,0502,0502,0502,0506,0500,0500,0507,0500,0503,0503,0507,0501,0505,0505,0505,0505,0505,0507,",
    "01124:0507,0504,0504,0504,0504,0504,0500,0503,0503,0503,0503,0506,0506,0501,0501,0501,0501,0501,0501,0507,0507,0507,",
    "01125:0507,0500,0500,0500,0500,0500,0500,0505,0505,0505,0505,0505,0505,0503,0503,0503,0507,0500,0500,0500,0500,0500,0500,0505,0505,0505,0505,0505,0505,0507,",
    "01126:0507,0504,0500,0500,0500,0500,0500,0505,0505,0505,0505,0505,0503,0505,0503,0507,0500,0507,0500,0500,0500,0500,0500,0505,0505,0505,0505,0505,0505,0507,",
    "01127:0507,0500,0500,0500,0500,0500,0500,0505,0505,0505,0505,0505,0505,0503,0507,0500,0500,0500,0505,0505,0505,0503,0507,0500,0500,0500,0500,0500,0500,0505,0505,0505,0505,0505,0505,0507,",
    "01130:0507,0505,0500,0500,0507,0500,0507,0500,0506,0500,0506,0500,0500,0507,0507,0507,0505,0501,0505,0501,0507,0501,0501,0504,0504,0504,0504,0500,0500,0505,0505,0505,0505,0505,0505,0507,",
    "01131:0507,0504,0504,0504,0500,0500,0500,0507,0505,0505,0501,0507,0501,0501,0501,0507,0504,0504,0500,0507,0500,0500,0500,0505,0505,0505,0505,0505,0505,0507,",
    "01132:0507,0505,0500,0500,0507,0500,0507,0500,0507,0500,0507,0500,0500,0502,0502,0502,0502,0505,0505,0505,0505,0505,0505,0503,0503,0503,0503,0507,",
    "01133:0507,0503,0503,0503,0504,0506,0502,0500,0500,0500,0500,0500,0503,0503,0505,0505,0505,0505,0505,0505,0507,0507,",
    "01134:0507,0504,0504,0504,0504,0500,0505,0503,0505,0503,0505,0503,0505,0503,0505,0507,",
    "01135:0507,0507,0503,0503,0503,0500,0500,0500,0500,0500,0500,0502,0502,0507,0507,0507,0505,0505,0505,0505,0505,0505,",
    "01136:0504,0504,0504,0504,0504,0503,0504,0503,0504,0503,0505,0503,0505,0503,0505,0505,0505,0505,0505,0507,",
    "01137:0503,0503,0503,0503,0503,0507,",
    "01140:0507,0504,0504,0504,0504,0504,0500,0505,0503,0505,0503,0505,0505,0505,0505,0507,0507,0507,",
    "01141:0507,0500,0504,0503,0503,0503,0503,0500,0504,0502,0502,0502,0507,0507,0507,0505,0505,0501,0501,0502,0502,0502,0507,0507,0507,0507,",
    "01142:0503,0500,0500,0500,0500,0500,0500,0507,0505,0505,0501,0507,0500,0503,0505,0503,0501,0501,0505,0502,0502,0502,0507,0507,0507,0507,",
    "01143:0507,0500,0500,0500,0507,0500,0503,0503,0505,0505,0505,0501,0502,0502,0507,0507,0507,0507,",
    "01144:0507,0500,0500,0500,0507,0500,0503,0505,0503,0503,0500,0500,0500,0505,0505,0505,0501,0501,0501,0502,0502,0502,0507,0507,0507,0507,",
    "01145:0507,0500,0500,0500,0507,0500,0503,0503,0507,0501,0501,0502,0502,0502,0505,0501,0503,0503,0507,0507,",
    "01146:0507,0507,0503,0500,0500,0500,0500,0500,0507,0500,0503,0505,0505,0505,0502,0506,0502,0507,0507,0507,0507,0505,0505,0505,",
    "01147:0507,0503,0503,0503,0507,0500,0500,0500,0500,0502,0502,0502,0506,0501,0507,0501,0503,0503,0507,0507,0505,0505,",
    "01150:0503,0500,0500,0500,0500,0500,0500,0500,0507,0505,0505,0505,0501,0507,0500,0503,0507,0501,0501,0501,0501,0507,",
    "01151:0507,0503,0503,0503,0506,0500,0500,0500,0500,0502,0507,0504,0500,0507,0507,0505,0505,0505,0505,0505,0505,0507,",
    "01152:0507,0507,0503,0503,0507,0500,0500,0500,0500,0502,0507,0504,0500,0505,0505,0505,0505,0505,0505,0507,",
    "01153:0507,0503,0500,0500,0500,0500,0500,0500,0507,0505,0505,0505,0501,0507,0500,0507,0500,0505,0505,0505,0502,0505,0503,0507,",
    "01154:0507,0503,0503,0503,0506,0500,0500,0500,0500,0500,0500,0502,0507,0507,0507,0507,0505,0505,0505,0505,0505,0505,",
    "01155:0503,0500,0500,0500,0500,0503,0505,0503,0501,0501,0501,0504,0504,0504,0504,0503,0505,0503,0501,0501,0501,0507,",
    "01156:0503,0500,0500,0500,0500,0505,0503,0507,0500,0503,0505,0503,0501,0501,0501,0507,",
    "01157:0507,0500,0500,0500,0507,0500,0503,0503,0505,0503,0501,0501,0505,0502,0502,0502,0507,0507,0507,0507,",
    "01160:0503,0500,0500,0500,0500,0503,0503,0503,0505,0503,0505,0502,0502,0502,0505,0505,0507,0507,0507,0507,",
    "01161:0507,0504,0504,0500,0507,0500,0503,0503,0503,0501,0501,0502,0502,0502,0505,0507,0507,0503,0501,0507,",
    "01162:0503,0500,0500,0500,0500,0507,0501,0507,0500,0503,0505,0503,0505,0505,0505,0507,",
    "01163:0503,0503,0503,0503,0507,0500,0504,0502,0502,0502,0504,0502,0507,0500,0503,0503,0503,0505,0505,0505,0505,0507,",
    "01164:0507,0507,0500,0500,0500,0500,0500,0500,0505,0502,0507,0503,0505,0505,0505,0505,0501,0503,0507,0500,0505,0507,",
    "01165:0507,0500,0500,0500,0500,0507,0505,0505,0505,0501,0503,0507,0500,0503,0500,0500,0500,0505,0505,0505,0501,0507,",
    "01166:0507,0504,0504,0504,0500,0501,0505,0503,0501,0505,0503,0507,0500,0500,0507,0500,0500,0505,0505,0505,0505,0507,",
    "01167:0507,0500,0500,0500,0500,0505,0505,0505,0505,0503,0507,0500,0500,0505,0505,0503,0507,0500,0500,0500,0500,0505,0505,0505,0505,0507,",
    "01170:0503,0507,0500,0503,0500,0500,0504,0502,0502,0507,0507,0505,0503,0507,0500,0505,0505,0505,0505,0502,0503,0507,",
    "01171:0503,0503,0504,0503,0500,0503,0506,0506,0500,0506,0500,0505,0505,0507,0507,0507,0507,0500,0500,0505,0505,0505,0505,0507,",
    "01172:0503,0503,0503,0503,0503,0504,0506,0506,0502,0507,0500,0507,0500,0507,0500,0502,0502,0502,0502,0507,0507,0507,0507,0507,0505,0505,0505,0505,",
    "01173:0507,0507,0503,0504,0502,0500,0504,0502,0507,0500,0500,0504,0503,0505,0505,0505,0505,0505,0505,0507,0507,0507,",
    "01174:0507,0507,0503,0500,0500,0500,0500,0500,0500,0507,0507,0507,0505,0505,0505,0505,0505,0505,",
    "01175:0507,0507,0503,0507,0500,0500,0507,0500,0504,0502,0500,0504,0502,0505,0505,0505,0505,0505,0505,0507,0507,0507,",
    "01176:0507,0507,0504,0504,0504,0504,0500,0507,0500,0505,0503,0507,0500,0505,0505,0505,0505,0505,0507,0505,",
    "01177:0333,",
    "01200:0333,0200,0336,0336,0330,0332,0337,0200,0336,0331,0333,0337,0337,",
    "01201:0304,0313,0333,0200,0336,0336,0330,0330,0332,0332,0332,0335,0336,0337,0337,0342,0330,0335,0350,0335,0336,0336,0342,0335,0335,0342,0335,0304,0337,0331,0331,0333,0337,0337,",
    "01202:0202,0200,",
    "01203:0304,0313,0202,0332,0333,0200,0336,0336,0330,0330,0332,0332,0332,0335,0336,0337,0337,0342,0330,0335,0350,0335,0336,0336,0342,0335,0335,0342,0335,0304,0337,0331,0331,0333,0337,0337,",
    "01204:0202,0200,0336,0336,0330,0332,0337,0200,0336,0331,0333,0337,0337,",
    "01205:0202,0200,0336,0336,0330,0332,0332,0332,0330,0205,0331,0331,0332,0337,0337,0333,",
    "01206:0202,0200,0336,0332,0206,0333,0337,",
    "01207:0333,0336,0330,0332,0336,0336,0341,0337,0333,0333,0331,0331,0337,0337,",
    "01210:0333,0200,0336,0336,0330,0332,0337,0200,0311,0337,0310,0336,0200,0337,0311,0336,0313,0336,0330,0332,0336,0335,0331,0337,0342,0334,0333,0333,0336,0333,0337,0331,0331,0337,0337,",
    "01211:0333,0200,0336,0336,0330,0332,0337,0200,0311,0337,0310,0336,0200,0337,0311,0336,0313,0336,0330,0332,0336,0335,0331,0337,0342,0334,0336,0333,0342,0335,0335,0342,0335,0335,0333,0337,0333,0336,0333,0337,0331,0331,0337,0337,",
    "01212:0336,0330,0333,0337,0212,0336,0336,0333,0331,0337,0200,0336,0333,0331,0337,0337,0200,",
    "01213:0333,0200,0336,0330,0332,0336,0331,0332,0336,0330,0332,0332,0337,055,062,045,0211,0211,0211,0365,0210,0210,0210,0336,0337,0331,0336,0331,0337,0337,0337,0333,",
    "01214:0333,0200,0336,0330,0332,0336,0331,0332,0336,0330,0332,0332,0337,053,062,045,0211,0211,0211,0365,0210,0210,0210,0336,0337,0331,0336,0331,0337,0337,0337,0333,",
    "01215:0333,0200,0336,0330,0332,0336,0331,0337,0215,0333,0336,0331,0337,0337,",
    "01216:0333,0200,0336,0332,0330,0336,0331,0332,0337,0216,0336,0333,0336,0331,0331,0333,0337,0337,0337,",
    "01217:0333,0200,",
    "01220:0333,0200,0336,0330,0332,0336,0332,060,062,062,060,0365,0333,0333,0331,0331,0333,0337,0337,",
    "01221:0333,0200,0336,0330,0332,0336,0332,060,062,062,061,0365,0333,0333,0331,0331,0333,0337,0337,",
    "01222:0333,0200,0336,0330,0332,0336,0332,060,062,062,062,0365,0333,0333,0331,0331,0333,0337,0337,",
    "01223:0333,0200,0336,0330,0332,0336,0332,060,062,062,063,0365,0333,0333,0331,0331,0333,0337,0337,",
    "01224:0333,0200,0336,0330,0332,0336,0332,060,062,062,064,0365,0333,0333,0331,0331,0333,0337,0337,",
    "01225:0333,0200,0336,0330,0332,0336,0332,060,062,062,065,0365,0333,0333,0331,0331,0333,0337,0337,",
    "01226:0333,0200,0336,0330,0332,0336,0332,060,062,062,066,0365,0333,0333,0331,0331,0333,0337,0337,",
    "01227:0333,0200,0336,0330,0332,0336,0332,060,062,062,067,0365,0333,0333,0331,0331,0333,0337,0337,",
    "01230:0333,0200,0336,0330,0332,0336,0332,060,062,063,060,0365,0333,0333,0331,0331,0333,0337,0337,",
    "01231:0333,0200,0336,0330,0332,0336,0332,060,062,063,061,0365,0333,0333,0331,0331,0333,0337,0337,",
    "01232:0333,0200,0336,0330,0332,0336,0332,060,062,063,062,0365,0333,0333,0331,0331,0333,0337,0337,",
    "01233:0333,0200,0336,0330,0332,0336,0332,060,062,063,063,0365,0333,0333,0331,0331,0333,0337,0337,",
    "01234:0333,0200,0336,0330,0332,0336,0332,060,062,063,064,0365,0333,0333,0331,0331,0333,0337,0337,",
    "01235:0333,0200,0336,0330,0332,0336,0332,060,062,063,065,0365,0333,0333,0331,0331,0333,0337,0337,",
    "01236:0333,0200,0336,0330,0332,0336,0332,060,062,063,066,0365,0333,0333,0331,0331,0333,0337,0337,",
    "01237:0333,0200,0336,0330,0332,0336,0332,060,062,063,067,0365,0333,0333,0331,0331,0333,0337,0337,",
    "01240:0333,0200,0240,",
    "01241:0333,0200,",
    "01242:0333,0200,",
    "01243:0333,0200,",
    "01244:0333,0200,",
    "01245:0333,0200,",
    "01246:0333,0200,",
    "01247:0333,0200,",
    "01250:0333,0200,",
    "01251:0333,0200,",
    "01252:0333,0200,",
    "01253:0333,0200,",
    "01254:0333,0200,",
    "01255:0333,0200,",
    "01256:0333,0200,",
    "01257:0333,0200,",
    "01260:0333,0200,",
    "01261:0333,0200,",
    "01262:0333,0200,",
    "01263:0333,0200,",
    "01264:0333,0200,",
    "01265:0333,0200,",
    "01266:0333,0200,",
    "01267:0333,0200,",
    "01270:0333,0200,",
    "01271:0333,0200,",
    "01272:0333,0200,",
    "01273:0333,0200,",
    "01274:0333,0200,",
    "01275:0333,0200,",
    "01276:0333,0200,",
    "01277:0333,0200,",
    "01300:0333,0200,0336,0330,0332,0340,0350,0335,0336,0330,0342,0331,0331,0331,0342,0330,0330,0335,0335,0331,0331,0342,0330,0330,0330,0342,0331,0334,0334,0334,0351,0331,0331,0333,0333,0337,0337,040,",
    "01301:0333,0200,",
    "01302:0333,0200,",
    "01303:0333,0200,",
    "01304:0333,0200,0336,0330,0332,0341,0342,0335,0342,0335,0342,0335,0342,0350,0335,0351,0336,0336,0330,0330,0341,0331,0331,0335,0330,0330,0341,0331,0331,0335,0330,0330,0341,0331,0331,0335,0330,0330,0341,0331,0331,0350,0334,0351,0337,0337,0330,0335,0335,0333,0337,",
    "01305:0333,0200,0336,0330,0332,0305,0342,0335,0342,0335,0342,0335,0342,0335,0342,0335,0341,0350,0335,0351,0336,0330,0336,0336,0341,0337,0337,0331,0335,0330,0336,0336,0341,0337,0337,0331,0335,0330,0336,0336,0341,0337,0337,0331,0335,0330,0336,0336,0341,0337,0337,0331,0335,0330,0336,0336,0341,0337,0337,0331,0350,0335,0304,0337,0331,0333,0337,",
    "01306:0333,0200,0336,0330,0332,0306,0342,0335,0342,0335,0342,0335,0342,0335,0342,0335,0341,0350,0335,0351,0336,0330,0336,0336,0341,0337,0337,0331,0335,0330,0336,0336,0341,0337,0337,0331,0335,0330,0336,0336,0341,0337,0337,0331,0335,0330,0336,0336,0341,0337,0337,0331,0335,0330,0336,0336,0341,0337,0337,0331,0350,0335,0335,0335,0337,0342,0334,0336,0330,0336,0336,0341,0337,0337,0331,0304,0335,0337,0331,0333,0337,",
    "01307:0333,0200,",
    "01310:0333,0200,0336,0332,0350,0335,0310,0337,0342,0330,0334,0334,0342,0330,0334,0334,0342,0330,0334,0334,0342,0330,0334,0334,0334,0351,0336,0313,0333,0337,",
    "01311:0333,0200,0334,0305,0335,0311,0337,0362,0203,0334,0334,0203,0334,0350,0336,0334,0203,0354,0334,0334,0334,0334,0201,0335,0335,0335,0336,0201,0334,0334,0334,0336,0201,0331,0335,0335,0335,0337,0331,0334,0334,0334,0337,0331,0334,0304,0335,0313,",
    "01312:0304,0313,0333,0200,0334,0306,0335,0362,0203,0334,0334,0203,0364,0335,0335,0335,0350,0335,0312,0336,0330,0334,0334,0342,0335,0335,0335,0335,0342,0335,0335,0335,0335,0342,0335,0335,0331,0335,0335,0337,0304,0313,",
    "01313:0333,0200,0336,0336,0330,0332,0362,0203,0334,0203,0203,0334,0203,0334,0203,0203,0354,0334,0332,0342,0333,0333,0331,0337,0337,",
    "01314:0333,0200,0314,0336,0332,0332,0330,0200,0333,0200,0333,0200,0331,0337,0313,",
    "01315:0333,0200,0336,0330,0332,0336,0331,0334,0331,0337,0305,0362,0203,0335,0203,0335,0203,0335,0203,0335,0203,0354,0335,0350,0335,0350,0335,0335,0335,0304,0336,0331,0333,0337,0337,",
    "01316:0333,0200,0336,0336,0330,0332,0332,0332,0336,0341,0330,0330,0330,0330,0341,0333,0333,0331,0331,0341,0333,0333,0330,0330,0341,0331,0331,0331,0331,0341,0333,0333,0331,0331,0337,0337,0337,",
    "01317:0333,0200,",
    "01320:0320,0333,0200,0320,0336,0330,0332,0336,0333,0331,0337,0204,0336,0331,0336,0330,0334,0337,0337,0342,0335,0320,0330,0336,0332,0332,0330,0336,0330,0332,0335,0335,0335,0335,0332,0337,0337,0337,0331,0333,",
    "01321:0320,0333,0200,0321,0336,0330,0332,0336,0333,0331,0337,0204,0336,0331,0336,0330,0334,0337,0337,0342,0335,0320,0330,0336,0332,0332,0330,0336,0330,0332,0335,0335,0342,0335,0335,0332,0337,0337,0337,0331,0333,",
    "01322:0320,0333,0200,0322,0336,0330,0332,0336,0333,0331,0337,0204,0336,0331,0336,0330,0334,0337,0337,0342,0335,0320,0330,0336,0332,0332,0330,0336,0330,0332,0335,0335,0342,0332,0342,0333,0335,0335,0332,0337,0337,0337,0331,0333,",
    "01323:0320,0333,0200,0323,0336,0330,0332,0336,0333,0331,0337,0204,0336,0331,0336,0330,0334,0337,0337,0342,0335,0320,0330,0336,0332,0332,0330,0336,0330,0332,0335,0335,0342,0332,0342,0332,0342,0333,0333,0335,0335,0332,0337,0337,0337,0331,0333,",
    "01324:0320,0333,0200,0324,0336,0330,0332,0336,0333,0331,0337,0204,0336,0331,0336,0330,0334,0337,0337,0342,0335,0320,0330,0336,0332,0332,0330,0336,0330,0332,0335,0335,0342,0332,0342,0332,0342,0332,0342,0333,0333,0333,0335,0335,0332,0337,0337,0337,0331,0333,",
    "01325:0320,0333,0200,0325,0336,0330,0332,0336,0333,0331,0337,0204,0336,0331,0336,0330,0334,0337,0337,0342,0335,0320,0330,0336,0332,0332,0330,0336,0330,0332,0335,0335,0342,0332,0342,0332,0342,0332,0342,0332,0342,0333,0333,0333,0333,0335,0335,0332,0337,0337,0337,0331,0333,",
    "01326:0320,0333,0200,0326,0336,0330,0332,0336,0333,0331,0337,0204,0336,0331,0336,0330,0334,0337,0337,0342,0335,0320,0330,0336,0332,0332,0330,0336,0330,0332,0335,0335,0342,0332,0342,0332,0342,0332,0342,0332,0342,0332,0342,0333,0333,0333,0333,0333,0335,0335,0332,0337,0337,0337,0331,0333,",
    "01327:0320,0333,0200,0327,0336,0330,0332,0336,0333,0331,0337,0204,0336,0331,0336,0330,0334,0337,0337,0342,0335,0320,0330,0336,0332,0332,0330,0336,0330,0332,0335,0335,0342,0332,0342,0332,0342,0332,0342,0332,0342,0332,0342,0332,0342,0333,0333,0333,0333,0333,0333,0335,0335,0332,0337,0337,0337,0331,0333,",
    "01330:0333,0200,0336,0332,0330,0337,0212,0336,0331,0333,0337,",
    "01331:0333,0200,0336,0332,0330,0337,0335,0335,0212,0335,0335,0336,0331,0333,0337,",
    "01332:0333,0200,0336,0332,0330,0337,0335,0335,0335,0212,0335,0336,0331,0333,0337,",
    "01333:0333,0200,0336,0332,0330,0337,0335,0212,0335,0335,0335,0336,0331,0333,0337,",
    "01334:0333,0200,0336,0330,0332,0336,0350,0343,0334,0334,0343,0334,0334,0343,0334,0330,0350,0335,0351,0335,0330,0335,0335,0335,0335,0362,0203,0334,0334,0203,0364,0331,0350,0335,0330,0335,0335,0304,0337,0333,0331,0337,",
    "01335:0333,0200,0336,0330,0332,0336,0335,0350,0335,0335,0343,0335,0335,0343,0335,0335,0343,0335,0330,0350,0335,0304,0350,0331,0362,0203,0334,0334,0203,0364,0331,0335,0335,0331,0334,0335,0330,0350,0334,0331,0334,0334,0304,0337,0333,0331,0337,",
    "01336:0333,0200,0336,0330,0334,0336,0330,0337,0342,0336,0331,0335,0337,0331,0337,",
    "01337:0333,0200,0336,0330,0332,0336,0342,0334,0342,0334,0342,0334,0342,0330,0330,0334,0337,0331,0337,",
    "01340:0333,0200,0336,0330,0332,0340,0333,0331,0337,",
    "01341:0333,0200,0336,0330,0332,0341,0340,0333,0331,0337,",
    "01342:0333,0200,0336,0330,0332,0334,0336,0342,0330,0340,0331,0335,0335,0342,0330,0340,0333,0333,0330,0334,0337,0337,",
    "01343:0333,0200,0336,0330,0332,0350,0343,0335,0342,0334,0334,0342,0335,0340,0351,0331,0333,0337,",
    "01344:0333,0200,0336,0330,0332,0336,0332,0340,0335,0337,0342,0330,0340,0334,0332,0336,0331,0332,0331,0337,0337,0202,",
    "01345:0202,0200,0350,0334,0343,0335,0304,",
    "01346:0202,0200,0350,0334,0332,0335,0335,0343,0333,0335,0304,0334,",
    "01347:0304,0313,0333,0200,0336,0332,0336,0330,0330,0347,0331,0331,0337,0333,0337,",
    "01350:0333,0200,0336,0330,0332,0350,0335,0330,0335,0335,0335,0335,0362,0203,0334,0334,0203,0364,0331,0334,0336,0336,0201,0330,0201,0331,0331,0331,0334,0334,0304,0337,0337,0333,0331,0337,",
    "01351:0333,0200,0336,0330,0332,0335,0350,0335,0330,0335,0335,0335,0335,0362,0203,0335,0335,0336,0336,0203,0364,0330,0201,0330,0201,0331,0331,0331,0331,0331,0335,0337,0337,0342,0336,0336,0334,0334,0304,0337,0337,0333,0331,0337,",
    "01352:0333,0200,0336,0330,0332,0335,0350,0352,0334,0334,0334,0342,0335,0335,0336,0336,0342,0330,0330,0342,0331,0331,0335,0335,0342,0330,0330,0342,0331,0331,0335,0335,0337,0337,0342,0335,0335,0335,0351,0353,0330,0334,0334,0333,0337,",
    "01353:0333,0200,0336,0330,0332,0335,0350,0352,0334,0342,0335,0335,0342,0335,0335,0336,0336,0342,0330,0330,0342,0331,0331,0334,0334,0334,0334,0334,0334,0342,0330,0330,0342,0331,0331,0335,0335,0335,0351,0353,0337,0337,0333,0330,0334,0337,",
    "01354:0333,0200,0330,0332,0336,0336,0333,0331,0335,0337,0362,0203,0335,0203,0364,0340,0335,0335,0350,0336,0336,0335,0342,0334,0334,0342,0337,0337,0310,0337,0342,0335,0304,0336,0313,0336,0333,0331,0337,0337,",
    "01355:0333,0200,",
    "01356:0333,0200,",
    "01357:0333,0200,",
    "01360:0333,0200,0336,0336,0332,0332,0332,0330,0335,0337,0342,0340,0366,0330,0332,0335,0335,0367,0335,0336,0333,0330,0337,0337,0331,0332,0202,",
    "01361:0333,0200,0336,0336,0332,0332,0332,0330,0335,0337,0366,0330,0332,0335,0335,0367,0335,0336,0340,0334,0337,0342,0336,0333,0330,0337,0337,0331,0335,0331,0336,0332,0337,0332,0202,",
    "01362:0333,0200,0336,0330,0332,0336,0331,0332,0340,0337,0362,0203,0335,0203,0364,0334,0334,0336,0350,0335,0330,0304,0335,0335,0362,0203,0335,0203,0364,0331,0350,0335,0304,0335,0333,0330,0337,0337,0331,",
    "01363:0202,0200,0330,0332,0336,0336,0333,0331,0337,0335,0362,0203,0335,0203,0364,0335,0335,0336,0350,0334,0330,0335,0335,0335,0335,0362,0203,0334,0334,0203,0364,0331,0340,0334,0304,0333,0331,0337,0337,",
    "01364:0333,0200,0330,0332,0336,0336,0333,0331,0337,0335,0362,0203,0335,0203,0364,0335,0335,0336,0350,0334,0330,0335,0335,0335,0335,0362,0203,0334,0334,0203,0364,0331,0340,0334,0304,0333,0331,0337,0337,",
    "01365:0333,0200,0336,0330,0332,0336,0330,0336,0331,0337,0335,0335,0306,0210,0210,0350,0335,0337,0330,0335,0335,0335,0335,0330,0335,0335,0335,0335,0335,0335,0362,0203,0334,0334,0334,0334,0203,0335,0335,0335,0335,0203,0334,0334,0334,0334,0203,0364,0331,0334,0334,0330,0335,0211,0211,0304,0333,0331,0331,0336,0336,0330,0337,0330,0337,0337,",
    "01366:0333,0200,0336,0336,0332,0332,0332,0330,0335,0337,0342,0340,0366,0330,0332,0335,0335,0367,0335,0336,0333,0330,0337,0337,0331,",
    "01367:0333,0200,0336,0336,0332,0332,0332,0330,0335,0337,0366,0330,0332,0335,0335,0367,0335,0336,0340,0334,0337,0342,0336,0333,0330,0337,0337,0331,0335,0331,0336,0332,0337,",
    "01370:0333,0200,0336,0336,0336,0330,0332,0337,0337,0321,0362,0203,0336,0203,0364,0334,0337,0335,0320,0331,0200,0336,0330,0332,0336,0336,0347,0337,0337,0331,0335,0335,0336,0330,0337,0336,0336,0331,0335,0362,0203,0334,0203,0203,0335,0203,0334,0350,0334,0310,0337,0203,0203,0334,0334,0203,0203,0334,0334,0334,0336,0203,0335,0335,0203,0203,0334,0334,0203,0363,0304,0335,0313,0304,0330,0337,0337,0333,0331,0336,0333,0331,0337,0337,0337,",
    "01371:0333,0200,0336,0336,0336,0330,0332,0337,0337,0321,0362,0203,0336,0203,0364,0334,0337,0335,0320,0331,0200,0336,0330,0332,0336,0336,0347,0337,0337,0331,0335,0335,0336,0330,0337,0336,0336,0331,0335,0335,0332,0332,0332,0332,0332,0332,0335,0335,0331,0331,0331,0331,0331,0332,0333,0333,0333,0333,0362,0203,0334,0203,0203,0335,0203,0334,0350,0334,0310,0337,0203,0203,0334,0334,0203,0203,0334,0334,0334,0336,0203,0335,0335,0203,0203,0334,0334,0203,0363,0304,0330,0313,0335,0335,0332,0337,0337,0330,0336,0330,0336,0330,0337,0337,0337,0337,0333,0331,",
    "01372:0333,0200,0336,0336,0336,0330,0332,0337,0337,0321,0362,0203,0336,0203,0364,0334,0337,0335,0320,0331,0200,0336,0330,0332,0336,0336,0332,0337,0341,0333,0341,0332,0337,0331,0335,0335,0336,0330,0337,0336,0336,0331,0335,0362,0203,0334,0203,0203,0335,0203,0334,0350,0334,0310,0337,0203,0203,0334,0334,0203,0203,0334,0334,0334,0336,0203,0335,0335,0203,0203,0334,0334,0203,0363,0304,0330,0313,0335,0335,0332,0337,0337,0330,0336,0330,0336,0330,0337,0337,0337,0337,0333,0331,0334,0333,0330,0336,0336,0331,0336,0331,0336,0333,0337,0337,0337,0337,",
    "01373:0333,0200,0336,0336,0336,0330,0332,0337,0337,0321,0362,0203,0336,0203,0364,0334,0337,0335,0320,0331,0200,0336,0330,0332,0336,0336,0332,0337,0341,0333,0341,0332,0337,0331,0335,0335,0336,0330,0337,0336,0336,0331,0335,0335,0333,0332,0332,0332,0332,0332,0332,0335,0335,0331,0331,0331,0331,0331,0332,0333,0333,0333,0333,0362,0203,0334,0203,0203,0335,0203,0334,0350,0334,0310,0337,0203,0203,0334,0334,0203,0203,0334,0334,0334,0336,0203,0335,0335,0203,0203,0334,0334,0203,0363,0304,0330,0313,0335,0335,0332,0337,0337,0330,0336,0330,0336,0330,0337,0337,0337,0337,0333,0331,",
    "01374:0333,0200,0336,0336,0336,0330,0332,0337,0337,0321,0362,0203,0336,0203,0364,0334,0337,0335,0320,0331,0200,0336,0330,0332,0336,0336,0332,0337,0331,0332,0335,0336,0332,0336,0333,0330,0337,0337,0337,0362,0306,0203,0334,0334,0203,0334,0334,0203,0354,0335,0304,0335,0336,0332,0337,0331,0335,0335,0336,0330,0337,0336,0336,0331,0331,0332,0332,0332,0332,0331,0335,0362,0203,0334,0203,0203,0335,0203,0334,0350,0334,0310,0337,0203,0203,0334,0334,0203,0203,0334,0334,0334,0336,0203,0335,0335,0203,0203,0334,0334,0203,0363,0304,0330,0313,0335,0335,0332,0337,0337,0330,0336,0330,0336,0330,0337,0337,0337,0337,0333,0331,0334,0333,0330,0336,0336,0331,0336,0331,0336,0336,0333,0331,0337,0337,0337,0337,0337,",
    "01375:0333,0200,0336,0336,0336,0330,0332,0337,0337,0321,0362,0203,0336,0203,0364,0334,0337,0335,0320,0331,0200,0336,0330,0332,0336,0336,0332,0337,0331,0332,0335,0336,0332,0336,0333,0330,0337,0337,0337,0362,0306,0203,0334,0334,0203,0334,0334,0203,0354,0335,0304,0335,0336,0332,0337,0331,0335,0335,0336,0330,0337,0336,0336,0331,0331,0332,0332,0332,0332,0331,0335,0335,0335,0335,0331,0331,0331,0331,0332,0333,0333,0333,0333,0333,0333,0333,0333,0333,0362,0203,0334,0203,0203,0335,0203,0334,0350,0334,0310,0337,0203,0203,0334,0334,0203,0203,0334,0334,0334,0336,0203,0335,0335,0203,0203,0334,0334,0203,0363,0304,0330,0313,0335,0335,0332,0337,0337,0330,0336,0330,0336,0330,0337,0337,0337,0337,0333,0331,0334,0333,0330,0336,0336,0331,0336,0331,0336,0336,0333,0331,0337,0337,0337,0337,0337,0335,0336,0333,0331,0331,0336,0336,0336,0333,0337,0337,0337,0337,",
    "01376:0333,0200,0336,0336,0336,0330,0332,0337,0337,0321,0362,0203,0336,0203,0364,0334,0337,0335,0320,0331,0200,0336,0330,0332,0336,0336,0332,0337,0331,0332,0335,0336,0332,0336,0333,0330,0337,0337,0337,0362,0203,0334,0203,0334,0203,0334,0203,0354,0335,0304,0335,0336,0332,0337,0331,0335,0335,0336,0330,0337,0336,0336,0331,0331,0332,0332,0332,0332,0331,0335,0362,0203,0334,0203,0203,0335,0203,0334,0350,0334,0310,0337,0203,0203,0334,0334,0203,0203,0334,0334,0334,0336,0203,0335,0335,0203,0203,0334,0334,0203,0363,0304,0330,0313,0335,0335,0332,0337,0337,0330,0336,0330,0336,0330,0337,0337,0337,0337,0333,0331,0334,0333,0330,0336,0336,0331,0336,0331,0336,0336,0333,0331,0337,0337,0337,0337,0337,",
    "01377:0333,0200,0336,0336,0336,0330,0332,0337,0337,0321,0362,0203,0336,0203,0364,0334,0337,0335,0320,0331,0200,0336,0330,0332,0336,0336,0332,0337,0331,0332,0335,0336,0332,0336,0333,0330,0337,0337,0337,0362,0203,0334,0203,0334,0203,0334,0203,0354,0335,0304,0335,0336,0332,0337,0331,0335,0335,0336,0330,0337,0336,0336,0331,0331,0331,0331,0331,0333,0333,0333,0333,0331,0331,0362,0203,0334,0203,0203,0335,0203,0334,0350,0334,0310,0337,0203,0203,0334,0334,0203,0203,0334,0334,0334,0336,0203,0335,0335,0203,0203,0334,0334,0203,0363,0304,0330,0313,0335,0335,0332,0337,0337,0330,0336,0330,0336,0330,0337,0337,0337,0337,0333,0331,0334,0333,0330,0336,0336,0331,0336,0331,0336,0336,0333,0331,0337,0337,0337,0337,0337,0335,0336,0333,0336,0336,0336,0333,0337,0337,0337,0337,0331,",
    "01400:0333,0200,0336,0330,0332,0322,0335,0215,0620,0334,0320,0333,0331,0337,040,",
    "01401:0333,0200,0336,0330,0332,0334,0322,0620,0215,0335,0331,0333,0337,0320,",
    "01402:0333,0200,0336,0330,0332,0325,0335,0306,0350,0334,0215,0620,0306,0350,0334,0334,0304,0320,0331,0333,0337,",
    "01403:0333,0200,0336,0330,0332,0325,0335,0335,0340,0335,0306,0350,0334,0215,0304,0306,0620,0306,0350,0335,0304,0335,0331,0333,0337,0320,",
    "01404:0333,0200,0336,0330,0332,0326,0215,0333,0331,0337,0320,",
    "01405:0333,0200,0336,0330,0332,0335,0335,0326,0620,0215,0335,0335,0320,0333,0331,0337,",
    "01406:0333,0200,0336,0330,0332,0336,0336,0336,0330,0334,0337,0337,0362,0203,0336,0334,0203,0334,0337,0203,0203,0334,0336,0203,0334,0337,0203,0354,0335,0336,0336,0331,0337,0337,0337,0331,0333,0337,",
    "01407:0333,0200,0336,0330,0332,0336,0336,0336,0330,0334,0330,0335,0337,0337,0362,0203,0335,0336,0203,0335,0337,0203,0334,0203,0335,0336,0203,0335,0337,0203,0334,0203,0335,0336,0203,0335,0337,0203,0334,0203,0335,0336,0203,0335,0337,0203,0354,0334,0336,0336,0331,0333,0337,0337,0337,0331,0333,0337,",
    "01477:0520,0336,0330,0332,0336,0331,0332,0330,0336,0332,0337,0335,0362,0203,0334,0203,0335,0203,0335,0203,0334,0203,0364,0336,0334,0334,0350,0335,0310,0337,0342,0334,0334,0342,0336,0335,0335,0335,0304,0313,0333,0337,0337,0331,0337,",
    "01500:0333,0200,0336,0330,0332,0336,0336,0336,0347,0330,0330,0330,0347,0331,0331,0331,0337,0337,0337,0331,0333,0337,",
    "01501:0333,0200,0336,0330,0332,0336,0336,0336,0347,0331,0331,0331,0347,0330,0330,0330,0337,0337,0337,0331,0333,0337,",
    "01502:0333,0200,0336,0330,0332,0336,0336,0336,0347,0332,0332,0332,0347,0333,0333,0333,0337,0337,0337,0331,0333,0337,",
    "01503:0333,0200,0336,0330,0332,0336,0336,0336,0347,0333,0333,0333,0347,0332,0332,0332,0337,0337,0337,0331,0333,0337,",
    "01504:0333,0200,0336,0330,0332,0336,0336,0336,0341,0337,0337,0330,0336,0336,0341,0337,0337,0330,0337,0331,0333,0331,0337,",
    "01505:0333,0200,0336,0330,0332,0336,0336,0336,0341,0331,0331,0331,0331,0341,0331,0331,0331,0331,0337,0337,0337,0333,0337,",
    "01506:0333,0200,0336,0330,0332,0336,0336,0336,0341,0332,0332,0332,0332,0341,0332,0332,0332,0332,0337,0337,0337,0331,0337,0333,",
    "01507:0333,0200,0336,0330,0332,0336,0336,0336,0341,0333,0333,0333,0341,0333,0333,0333,0333,0333,0337,0337,0337,0331,0337,",
    "01510:0333,0200,0336,0330,0332,0336,0342,0330,0335,0335,0350,0335,0336,0342,0334,0334,0342,0335,0304,0335,0335,0337,0330,0337,0333,0337,0331,",
    "01511:0333,0200,0336,0330,0332,0335,0335,0336,0342,0330,0335,0335,0350,0334,0336,0342,0335,0335,0342,0334,0337,0304,0331,0337,0333,0337,",
    "01512:0333,0200,0336,0330,0332,0336,0334,0342,0330,0335,0350,0335,0336,0342,0335,0335,0342,0334,0337,0304,0334,0332,0337,0331,0337,0333,",
    "01513:0333,0200,0336,0330,0332,0336,0335,0342,0330,0335,0335,0350,0335,0336,0342,0334,0334,0342,0335,0335,0335,0304,0337,0333,0337,0331,0337,",
    "01514:0333,0200,0336,0330,0332,0336,0350,0310,0335,0337,0201,0335,0335,0335,0336,0336,0342,0335,0335,0342,0335,0335,0304,0337,0333,0330,0313,0337,0337,0331,",
    "01515:0333,0200,0336,0330,0332,0336,0350,0335,0335,0335,0310,0337,0201,0335,0335,0335,0336,0336,0342,0335,0335,0342,0337,0313,0304,0331,0333,0337,0337,",
    "01516:0333,0200,0336,0330,0332,0334,0350,0334,0310,0336,0201,0335,0335,0335,0336,0336,0342,0335,0335,0342,0334,0334,0337,0313,0304,0331,0332,0337,0337,0333,",
    "01517:0333,0200,0336,0330,0332,0336,0310,0350,0334,0337,0201,0335,0335,0335,0336,0336,0342,0335,0335,0342,0335,0335,0335,0335,0337,0313,0304,0330,0332,0337,0337,0331,0333,",
    "01600:0333,0200,0336,0330,0332,0336,0331,0333,0337,0200,0350,0335,0336,0336,0336,0201,0334,0337,0337,0337,0201,0334,0334,0334,0336,0336,0336,0342,0335,0337,0337,0337,0201,0334,0336,0336,0336,0342,0330,0334,0337,0337,0337,0335,0335,0335,0335,0304,0336,0330,0332,0337,0337,0331,0333,",
    "01601:0333,0200,0336,0330,0332,0336,0331,0332,0337,061,0365,0333,0336,0331,0333,0337,0337,",
    "01602:0333,0200,0336,0330,0332,0336,0331,0332,0337,062,0365,0333,0336,0333,0331,0337,0337,",
    "01603:0333,0200,0336,0332,0336,0330,0332,0337,01015,063,0365,0333,0336,0333,0331,0337,0337,",
    "01604:0333,0200,0336,0332,0336,0330,0332,0337,01015,064,0365,0333,0336,0333,0331,0337,0337,",
    "01605:0333,0200,0336,0332,0336,0330,0332,0337,01015,065,0365,0333,0336,0333,0331,0337,0337,",
    "01606:0333,0200,0336,0332,0336,0330,0332,0337,01015,066,0365,0333,0336,0333,0331,0337,0337,",
    "01607:0333,0200,0336,0332,0336,0330,0332,0337,01015,067,0365,0333,0336,0333,0331,0337,0337,",
    "01700:0333,0200,0336,0330,0332,0322,0335,0215,0620,0334,0320,0333,0331,0337,",
    "01701:0333,0200,0336,0330,0332,0334,0322,0620,0335,0334,0215,0331,0333,0335,0331,0331,0337,0320,",
    "01702:0333,0200,0336,0330,0332,0326,0620,0215,0333,0331,0337,0320,",
    "01703:0333,0200,0336,0330,0332,0335,0335,0326,0215,0340,0335,0335,0320,0333,0331,0337,",
    "01704:0333,0200,0336,0330,0332,0325,0335,0335,0335,0306,0350,0334,0304,0306,0215,0620,0306,0350,0335,0304,0335,0331,0333,0337,0320,",
    "01705:0333,0200,0336,0330,0332,0325,0335,0306,0350,0334,0620,0215,0306,0350,0334,0334,0304,0320,0331,0333,0337,",
    "01706:0333,0200,0200,0336,0330,0332,0336,0334,0342,0335,0335,0342,0334,0331,0331,0333,0333,0337,0337,",
    "01707:0333,0200,0336,0330,0332,0336,0342,0335,0342,0335,0342,0335,0342,0335,0337,0331,0333,0337,",
    "01710:0333,0200,0336,0330,0332,0341,0350,0335,0335,0335,0210,0343,0350,0210,0343,0211,0211,0335,0335,0304,0335,0335,0331,0333,0337,",
    "01711:0333,0200,0336,0330,0332,0336,0331,0336,0333,0331,0337,0337,0200,0306,0350,0335,0336,0201,0334,0337,0201,0334,0334,0334,0334,0334,0336,0201,0331,0335,0335,0337,0201,0334,0334,0336,0342,0330,0335,0335,0335,0335,0335,0331,0304,0331,0333,0333,0333,0336,0331,0333,0337,0337,0337,",
    "01720:0333,0200,0336,0330,0332,0336,0331,0333,0337,0322,0204,0336,0331,0333,0337,0337,0320,",
    "01721:0333,0200,0336,0330,0332,0336,0331,0333,0337,0323,0204,0320,0336,0331,0333,0337,0337,",
    "01722:0333,0200,0336,0330,0332,0336,0331,0333,0337,0324,0204,0336,0331,0333,0337,0337,0320,",
    "01723:0333,0200,0336,0330,0332,0336,0331,0333,0337,0325,0204,0320,0336,0331,0333,0337,0337,",
    "01724:0333,0200,0336,0336,0330,0332,0337,0326,0204,0336,0331,0333,0337,0337,0320,",
    "01725:0333,0200,0336,0336,0330,0332,0337,0327,0204,0336,0331,0333,0337,0337,0320,"
]